3.430238298558401
3.414636925008696
3.397651870666595
3.3792738657112213
3.3594964604404303
3.338316070330416
3.315732045485426
3.2917467774230174
3.2663658524628936
3.2395982562817958
3.211456629304344
3.181957568257923
3.151121965910831
3.1189753788844015
3.0855484123625483
3.050877110229136
3.015003339321721
2.977975156842682
2.9398471503710284
2.9006807403713393
2.8605444357314664
2.819514033913891
2.7776727590703056
2.73511133428874
2.6919279882773686
2.64822840243321
2.604125611387603
2.5597398785470857
2.515198577462747
2.470636119586374
2.426193978907577
2.3820208746197804
2.3382731863590287
2.2951156973320708
2.252722797865888
2.2112803521251503
2.1709885633946895
2.132066418400364
2.094758720847857
2.059347373162554
2.0261690390212665
1.9956390412451042
1.9682664143869706
1.944600969673703
1.9250327992293
1.9095736834910926
1.8979477583468363
1.8898820367806857
1.8852444606079077
1.8840148622934678
1.8862140646222292
1.8918602578713133
1.9009735913738208
1.9136127344218539
1.929898077179845
1.9499682835886851
1.9738602966590764
2.0014077483855224
2.0322651390518045
2.0660159651367995
2.1022582034553325
2.140636159120401
2.1808411217878763
2.2226024568683997
2.2656783917906504
2.3098488692619346
2.3549104926081554
2.4006730779329732
2.4469573511567657
2.4935934478669908
2.5404199771327685
2.5872834811385665
2.6340381679480767
2.680545824358415
2.726675836595321
2.77230526272018
2.8173189141778012
2.8616094157630747
2.9050772235962885
2.9476305893919736
2.989185466307718
3.0296653569725027
3.069001108061017
3.1071306582172844
3.1439987475259557
3.179556597369133
3.2137615696930015
3.246576814730927
3.277970916416563
3.3079175455343233
3.33639513292082
3.363386580640013
3.388879042997831
3.412863846712149
3.4353367339306993
3.4562990299991894
3.475762317366488
3.4937733099260235
3.510676288058002
3.528332145533768
