0.0
0.06
0.12
0.18
0.24
0.30000000000000004
0.36000000000000004
0.42000000000000004
0.48
0.5399999999999999
0.6
0.6599999999999999
0.7199999999999999
0.7799999999999998
0.8399999999999999
0.8999999999999999
0.9599999999999999
1.0199999999999998
1.0799999999999998
1.1399999999999997
1.1999999999999997
1.2599999999999998
1.3199999999999996
1.3799999999999997
1.4399999999999995
1.4999999999999996
1.5599999999999996
1.6199999999999997
1.6799999999999997
1.74
1.8
1.8600000000000003
1.9200000000000004
1.9800000000000004
2.0400000000000005
2.100000000000001
2.160000000000001
2.220000000000001
2.280000000000001
2.340000000000001
2.4000000000000017
2.4600000000000017
2.520000000000002
2.580000000000002
2.6400000000000023
2.7000000000000024
2.7600000000000025
2.8200000000000025
2.8800000000000026
2.940000000000003
3.000000000000003
3.060000000000003
3.120000000000003
3.1800000000000033
3.2400000000000038
3.300000000000004
3.360000000000004
3.420000000000004
3.480000000000004
3.5400000000000045
3.6000000000000045
3.6600000000000046
3.7200000000000046
3.7800000000000047
3.840000000000005
3.9000000000000052
3.9600000000000053
4.020000000000006
4.080000000000005
4.140000000000006
4.2000000000000055
4.260000000000006
4.3200000000000065
4.380000000000006
4.440000000000007
4.500000000000006
4.560000000000007
4.620000000000007
4.680000000000007
4.740000000000007
4.800000000000008
4.860000000000007
4.920000000000008
4.9800000000000075
5.040000000000008
5.1000000000000085
5.160000000000008
5.220000000000009
5.280000000000008
5.340000000000009
5.400000000000009
5.460000000000009
5.520000000000009
5.580000000000009
5.6400000000000095
5.70000000000001
5.76000000000001
5.82000000000001
5.88000000000001
5.94000000000001
6.000000000000011
6.06000000000001
6.120000000000011
6.18000000000001
6.240000000000011
6.300000000000011
6.360000000000011
6.420000000000011
6.48000000000001
6.54000000000001
6.6000000000000085
6.660000000000008
6.720000000000008
6.780000000000007
6.840000000000007
6.900000000000006
6.960000000000005
7.020000000000005
7.0800000000000045
7.140000000000004
7.200000000000003
7.2600000000000025
7.320000000000002
7.380000000000002
7.440000000000001
7.5
7.56
7.619999999999999
7.679999999999999
7.739999999999998
7.799999999999997
7.859999999999997
7.919999999999996
7.979999999999996
8.039999999999996
8.099999999999994
8.159999999999995
8.219999999999994
8.279999999999992
8.339999999999993
8.399999999999991
8.459999999999992
8.51999999999999
8.57999999999999
8.63999999999999
8.699999999999989
8.75999999999999
8.819999999999988
8.879999999999987
8.939999999999987
8.999999999999986
9.059999999999986
9.119999999999985
9.179999999999984
9.239999999999984
9.299999999999983
9.359999999999983
9.419999999999982
9.47999999999998
9.539999999999981
9.59999999999998
9.65999999999998
9.71999999999998
9.77999999999998
9.839999999999979
9.899999999999977
9.959999999999978
10.019999999999976
10.079999999999977
10.139999999999976
10.199999999999974
10.259999999999975
10.319999999999974
10.379999999999974
10.439999999999973
10.499999999999972
10.559999999999972
10.61999999999997
10.679999999999971
10.73999999999997
10.799999999999969
10.85999999999997
10.919999999999968
10.979999999999968
11.039999999999967
11.099999999999966
11.159999999999966
11.219999999999965
11.279999999999966
11.339999999999964
11.399999999999963
11.459999999999964
11.519999999999962
11.579999999999963
11.639999999999961
11.69999999999996
11.75999999999996
11.81999999999996
11.87999999999996
11.939999999999959
11.999999999999957
12.059999999999958
12.119999999999957
12.179999999999957
12.239999999999956
12.299999999999955
12.359999999999955
12.419999999999954
12.479999999999954
12.539999999999953
12.599999999999952
12.659999999999952
12.719999999999951
12.779999999999951
12.83999999999995
12.899999999999949
12.95999999999995
13.019999999999948
13.079999999999949
13.139999999999947
13.199999999999946
13.259999999999946
13.319999999999945
13.379999999999946
13.439999999999944
13.499999999999943
13.559999999999944
13.619999999999942
13.679999999999943
13.739999999999942
13.79999999999994
13.85999999999994
13.91999999999994
13.97999999999994
14.039999999999939
14.099999999999937
14.159999999999938
14.219999999999937
14.279999999999937
14.339999999999936
14.399999999999935
14.459999999999935
14.519999999999934
14.579999999999934
14.639999999999933
14.699999999999932
14.759999999999932
14.819999999999931
14.879999999999932
14.93999999999993
14.999999999999929
15.05999999999993
15.119999999999928
15.179999999999929
15.239999999999927
15.299999999999926
15.359999999999927
15.419999999999925
15.479999999999926
15.539999999999925
15.599999999999923
15.659999999999924
15.719999999999922
15.779999999999923
15.839999999999922
15.89999999999992
15.959999999999921
16.01999999999992
16.07999999999992
16.13999999999992
16.199999999999918
16.259999999999916
16.31999999999992
16.379999999999917
16.439999999999916
16.499999999999915
16.559999999999913
16.619999999999916
16.679999999999914
16.739999999999913
16.799999999999912
16.85999999999991
16.919999999999913
16.97999999999991
17.03999999999991
17.09999999999991
17.159999999999908
17.21999999999991
17.27999999999991
17.339999999999907
17.399999999999906
17.459999999999905
17.519999999999907
17.579999999999906
17.639999999999905
17.699999999999903
17.759999999999902
17.819999999999904
17.879999999999903
17.939999999999902
17.9999999999999
18.0599999999999
18.1199999999999
18.1799999999999
18.2399999999999
18.299999999999898
18.359999999999896
18.4199999999999
18.479999999999897
18.539999999999896
18.599999999999895
18.659999999999894
18.719999999999896
18.779999999999895
18.839999999999893
18.899999999999892
18.95999999999989
19.019999999999893
19.07999999999989
19.13999999999989
19.19999999999989
19.25999999999989
19.31999999999989
19.37999999999989
19.439999999999888
19.499999999999886
19.55999999999989
19.619999999999887
19.679999999999886
19.739999999999885
19.799999999999883
19.859999999999886
19.919999999999884
19.979999999999883
20.039999999999882
20.09999999999988
20.159999999999883
20.21999999999988
20.27999999999988
20.33999999999988
20.399999999999878
20.45999999999988
20.51999999999988
20.579999999999878
20.639999999999876
20.699999999999875
20.759999999999877
20.819999999999876
20.879999999999875
20.939999999999873
20.999999999999872
21.059999999999874
21.119999999999873
21.179999999999872
21.23999999999987
21.29999999999987
21.35999999999987
21.41999999999987
21.47999999999987
21.539999999999868
21.599999999999866
21.65999999999987
21.719999999999867
21.779999999999866
21.839999999999865
21.899999999999864
21.959999999999866
22.019999999999865
22.079999999999863
22.139999999999862
22.19999999999986
22.259999999999863
22.31999999999986
22.37999999999986
22.43999999999986
22.499999999999858
22.55999999999986
22.61999999999986
22.679999999999858
22.739999999999856
22.799999999999855
22.859999999999857
22.919999999999856
22.979999999999855
23.039999999999853
23.099999999999852
23.159999999999854
23.219999999999853
23.279999999999852
23.33999999999985
23.39999999999985
23.45999999999985
23.51999999999985
23.57999999999985
23.639999999999848
23.699999999999847
23.75999999999985
23.819999999999848
23.879999999999846
23.939999999999845
23.999999999999844
24.059999999999846
24.119999999999845
24.179999999999843
24.239999999999842
24.29999999999984
24.359999999999843
24.419999999999842
24.47999999999984
24.53999999999984
24.599999999999838
24.65999999999984
24.71999999999984
24.779999999999838
24.839999999999836
24.899999999999835
24.959999999999837
25.019999999999836
25.079999999999835
25.139999999999834
25.199999999999832
25.259999999999835
25.319999999999833
25.379999999999832
25.43999999999983
25.49999999999983
25.55999999999983
25.61999999999983
25.679999999999833
25.739999999999835
25.799999999999837
25.85999999999984
25.919999999999842
25.979999999999844
26.039999999999846
26.09999999999985
26.15999999999985
26.219999999999853
26.279999999999855
26.339999999999858
26.39999999999986
26.459999999999862
26.519999999999865
26.579999999999867
26.63999999999987
26.69999999999987
26.759999999999874
26.819999999999876
26.879999999999878
26.93999999999988
26.999999999999883
27.059999999999885
27.119999999999887
27.17999999999989
27.239999999999892
27.299999999999894
27.359999999999896
27.4199999999999
27.4799999999999
27.539999999999903
27.599999999999905
27.659999999999908
27.71999999999991
27.779999999999912
27.839999999999915
27.899999999999917
27.95999999999992
28.01999999999992
28.079999999999924
28.139999999999926
28.19999999999993
28.25999999999993
28.319999999999933
28.379999999999935
28.439999999999937
28.49999999999994
28.559999999999942
28.619999999999944
28.679999999999946
28.73999999999995
28.79999999999995
28.859999999999953
28.919999999999956
28.979999999999958
29.03999999999996
29.099999999999962
29.159999999999965
29.219999999999967
29.27999999999997
29.33999999999997
29.399999999999974
29.459999999999976
29.51999999999998
29.57999999999998
29.639999999999983
29.699999999999985
29.759999999999987
29.81999999999999
29.879999999999992
29.939999999999994
29.999999999999996
30.06
30.12
30.180000000000003
30.240000000000006
30.300000000000008
30.36000000000001
30.420000000000012
30.480000000000015
30.540000000000017
30.60000000000002
30.66000000000002
30.720000000000024
30.780000000000026
30.84000000000003
30.90000000000003
30.960000000000033
31.020000000000035
31.080000000000037
31.14000000000004
31.200000000000042
31.260000000000044
31.320000000000046
31.38000000000005
31.44000000000005
31.500000000000053
31.560000000000056
31.620000000000058
31.68000000000006
31.740000000000062
31.800000000000065
31.860000000000067
31.92000000000007
31.98000000000007
32.04000000000007
32.10000000000007
32.160000000000075
32.22000000000008
32.28000000000008
32.34000000000008
32.400000000000084
32.460000000000086
32.52000000000009
32.58000000000009
32.64000000000009
32.700000000000095
32.7600000000001
32.8200000000001
32.8800000000001
32.940000000000104
33.00000000000011
33.06000000000011
33.12000000000011
33.18000000000011
33.240000000000116
33.30000000000012
33.36000000000012
33.42000000000012
33.480000000000125
33.54000000000013
33.60000000000013
33.66000000000013
33.720000000000134
33.780000000000136
33.84000000000014
33.90000000000014
33.96000000000014
34.020000000000145
34.08000000000015
34.14000000000015
34.20000000000015
34.260000000000154
34.32000000000016
34.38000000000016
34.44000000000016
34.50000000000016
34.560000000000166
34.62000000000017
34.68000000000017
34.74000000000017
34.800000000000175
34.86000000000018
34.92000000000018
34.98000000000018
35.040000000000184
35.100000000000186
35.16000000000019
35.22000000000019
35.28000000000019
35.340000000000195
35.4000000000002
35.4600000000002
35.5200000000002
35.580000000000204
35.64000000000021
35.70000000000021
35.76000000000021
35.82000000000021
35.880000000000216
35.94000000000022
36.00000000000022
36.06000000000022
36.120000000000225
36.18000000000023
36.24000000000023
36.30000000000023
36.360000000000234
36.420000000000236
36.48000000000024
36.54000000000024
36.60000000000024
36.660000000000245
36.72000000000025
36.78000000000025
36.84000000000025
36.900000000000254
36.96000000000026
37.02000000000026
37.08000000000026
37.14000000000026
37.200000000000266
37.26000000000027
37.32000000000027
37.38000000000027
37.440000000000275
37.50000000000028
37.56000000000028
37.62000000000028
37.680000000000284
37.740000000000286
37.80000000000029
37.86000000000029
37.92000000000029
37.980000000000295
38.0400000000003
38.1000000000003
38.1600000000003
38.220000000000304
38.28000000000031
38.34000000000031
38.40000000000032
38.46000000000032
38.52000000000032
38.580000000000325
38.64000000000033
38.70000000000033
38.76000000000033
38.820000000000334
38.88000000000034
38.94000000000034
39.00000000000034
39.06000000000034
39.120000000000346
39.18000000000035
39.24000000000035
39.30000000000035
39.360000000000355
39.42000000000036
39.48000000000036
39.54000000000036
39.600000000000364
39.660000000000366
39.72000000000037
39.78000000000037
39.84000000000037
39.900000000000375
39.96000000000038
40.02000000000038
40.08000000000038
40.140000000000384
40.20000000000039
40.26000000000039
40.32000000000039
40.38000000000039
40.440000000000396
40.5000000000004
40.5600000000004
40.6200000000004
40.680000000000405
40.74000000000041
40.80000000000041
40.86000000000041
40.920000000000414
40.980000000000416
41.04000000000042
41.10000000000042
41.16000000000042
41.220000000000425
41.28000000000043
41.34000000000043
41.40000000000043
41.460000000000434
41.52000000000044
41.58000000000044
41.64000000000044
41.70000000000044
41.760000000000446
41.82000000000045
41.88000000000045
41.94000000000045
42.000000000000455
42.06000000000046
42.12000000000046
42.18000000000046
42.240000000000464
42.300000000000466
42.36000000000047
42.42000000000047
42.48000000000047
42.540000000000475
42.60000000000048
42.66000000000048
42.72000000000048
42.780000000000484
42.84000000000049
42.90000000000049
42.96000000000049
43.02000000000049
43.080000000000496
43.1400000000005
43.2000000000005
43.2600000000005
43.320000000000505
43.38000000000051
43.44000000000051
43.50000000000051
43.560000000000514
43.620000000000516
43.68000000000052
43.74000000000052
43.80000000000052
43.860000000000525
43.92000000000053
43.98000000000053
44.04000000000053
44.100000000000534
44.16000000000054
44.22000000000054
44.28000000000054
44.34000000000054
44.400000000000546
44.46000000000055
44.52000000000055
44.58000000000055
44.640000000000555
44.70000000000056
44.76000000000056
44.82000000000056
44.880000000000564
44.940000000000566
45.00000000000057
45.06000000000057
45.12000000000057
45.180000000000575
45.24000000000058
45.30000000000058
45.36000000000058
45.420000000000584
45.48000000000059
45.54000000000059
45.60000000000059
45.66000000000059
45.720000000000596
45.7800000000006
45.8400000000006
45.9000000000006
45.960000000000605
46.02000000000061
46.08000000000061
46.14000000000061
46.200000000000614
46.260000000000616
46.32000000000062
46.38000000000062
46.44000000000062
46.500000000000625
46.56000000000063
46.62000000000063
46.68000000000063
46.740000000000634
46.80000000000064
46.86000000000064
46.92000000000064
46.98000000000064
47.040000000000646
47.10000000000065
47.16000000000065
47.22000000000065
47.280000000000655
47.34000000000066
47.40000000000066
47.46000000000066
47.520000000000664
47.580000000000666
47.64000000000067
47.70000000000067
47.76000000000067
47.820000000000675
47.88000000000068
47.94000000000068
48.00000000000068
48.060000000000684
48.12000000000069
48.18000000000069
48.24000000000069
48.30000000000069
48.360000000000696
48.4200000000007
48.4800000000007
48.5400000000007
48.600000000000705
48.66000000000071
48.72000000000071
48.78000000000071
48.840000000000714
48.900000000000716
48.96000000000072
49.02000000000072
49.08000000000072
49.140000000000725
49.20000000000073
49.26000000000073
49.32000000000073
49.380000000000734
49.44000000000074
49.50000000000074
49.56000000000074
49.62000000000074
49.680000000000746
49.74000000000075
49.80000000000075
49.86000000000075
49.920000000000755
49.98000000000076
50.04000000000076
50.10000000000076
50.160000000000764
50.220000000000766
50.28000000000077
50.34000000000077
50.40000000000077
50.460000000000775
50.52000000000078
50.58000000000078
50.64000000000078
50.700000000000784
50.76000000000079
50.82000000000079
50.88000000000079
50.94000000000079
51.000000000000796
51.0600000000008
51.1200000000008
51.1800000000008
51.2400000000008
51.3000000000008
51.3600000000008
51.420000000000805
51.48000000000081
51.54000000000081
51.60000000000081
51.660000000000814
51.720000000000816
51.78000000000082
51.84000000000082
51.90000000000082
51.960000000000825
52.02000000000083
52.08000000000083
52.14000000000083
52.200000000000834
52.26000000000084
52.32000000000084
52.38000000000084
52.44000000000084
52.500000000000846
52.56000000000085
52.62000000000085
52.68000000000085
52.740000000000855
52.80000000000086
52.86000000000086
52.92000000000086
52.980000000000864
53.040000000000866
53.10000000000087
53.16000000000087
53.22000000000087
53.280000000000875
53.34000000000088
53.40000000000088
53.46000000000088
53.520000000000884
53.58000000000089
53.64000000000089
53.70000000000089
53.76000000000089
53.820000000000896
53.8800000000009
53.9400000000009
54.0000000000009
54.060000000000905
54.12000000000091
54.18000000000091
54.24000000000091
54.300000000000914
54.360000000000916
54.42000000000092
54.48000000000092
54.54000000000092
54.600000000000925
54.66000000000093
54.72000000000093
54.78000000000093
54.840000000000934
54.90000000000094
54.96000000000094
55.02000000000094
55.08000000000094
55.140000000000946
55.20000000000095
55.26000000000095
55.32000000000095
55.380000000000955
55.44000000000096
55.50000000000096
55.56000000000096
55.620000000000964
55.680000000000966
55.74000000000097
55.80000000000097
55.86000000000097
55.920000000000975
55.98000000000098
56.04000000000098
56.10000000000098
56.160000000000984
56.22000000000099
56.28000000000099
56.34000000000099
56.40000000000099
56.460000000000996
56.520000000001
56.580000000001
56.640000000001
56.700000000001005
56.76000000000101
56.82000000000101
56.88000000000101
56.940000000001014
57.000000000001016
57.06000000000102
57.12000000000102
57.18000000000102
57.240000000001025
57.30000000000103
57.36000000000103
57.42000000000103
57.480000000001034
57.54000000000104
57.60000000000104
57.66000000000104
57.72000000000104
57.780000000001046
57.84000000000105
57.90000000000105
57.96000000000105
58.020000000001055
58.08000000000106
58.14000000000106
58.20000000000106
58.260000000001064
58.320000000001066
58.38000000000107
58.44000000000107
58.50000000000107
58.560000000001075
58.62000000000108
58.68000000000108
58.74000000000108
58.800000000001084
58.86000000000109
58.92000000000109
58.98000000000109
59.04000000000109
59.100000000001096
59.1600000000011
59.2200000000011
59.2800000000011
59.340000000001105
59.40000000000111
59.46000000000111
59.52000000000111
59.580000000001114
59.640000000001116
59.70000000000112
59.76000000000112
59.82000000000112
59.880000000001125
59.94000000000113
