7.681061377730896
7.78687475373482
7.886452599670146
7.986921076055657
8.089130943112472
8.189747652481772
8.292470897889448
8.394453311246778
8.49940720007933
8.6042420709221
8.71151340068583
8.817442535983938
8.926498460372436
9.03549540035928
9.146920494764961
9.25675395148449
9.3700437774544
9.483483240589848
9.599794592274288
9.714877860281494
9.833479233951813
9.951976261063196
10.073242135317084
10.19282358536335
10.316053325177068
10.439299901647253
10.565730530594971
10.690848870168598
10.819679603072306
10.948215728274851
11.079788048966144
11.209501733553674
11.343146793291984
11.476704439547982
11.613831736457135
11.74961868007022
11.889483322896837
12.029030302381287
12.172145787445302
12.31351942094386
12.459132083802263
12.604517124985236
12.753872244571573
12.901751295627905
13.053937779823507
13.205573886735717
13.361033881984044
13.514500291670416
13.67242723280378
13.829936116553725
13.991671097656226
14.151870676398408
14.31669612275598
14.480911282978951
14.649401183801633
14.816148892300596
14.987858410755729
15.159218831469055
15.335418485476106
15.510161686634774
15.690023706699836
15.869193342959731
16.053154366457164
16.235197561267075
16.42278843271132
16.609892393687403
16.80236206676066
16.993277922037027
17.189837977819383
17.385616898083192
17.586960897262383
17.786420285839743
17.99183963566318
18.1965269323097
18.407231130746574
18.616149819461363
18.831232917772137
19.045329499866
19.265575194888463
19.48365236938014
19.70820110621639
19.93169035353746
20.16265480345339
20.391459054883136
20.62698131503598
20.861366897274802
21.102789132080318
21.34195563151533
21.58836023052137
21.83357508317128
22.086300411495596
22.336885712631343
22.59503360871715
22.8517592381852
23.116245439094843
23.378236207284104
23.64820527314828
23.916806536864897
24.193759299129837
24.468482687251793
24.751636718734275
25.033205247767004
25.3235873934552
25.611437436245545
25.90819882798968
26.203287090965464
26.507728175147932
26.809624916194064
27.12084748958737
27.43018763787955
27.749291267661377
28.065472869577764
28.391447600573194
28.715495055087317
29.049921306490692
29.38170512170106
29.724010014459573
30.064245597312123
30.41547675600308
30.763381296635345
31.122063346123266
31.47898235213399
31.847071463849346
32.21155745037912
32.58774096733858
32.9613648657763
33.346905668361735
33.72895340163747
34.12217352409167
34.51278416249555
34.91540011936247
35.31506948549073
35.726633662197244
36.13538067072707
36.55676168640431
36.9750829829081
37.405829476182575
37.83356229000725
38.274497654992444
38.71225416250952
39.163079898858356
39.61077417085212
40.07230563123553
40.53052253122238
41.00241350716693
41.470968656414975
41.95395919576684
42.43347781838749
42.92736044656519
43.41776419254884
43.9232899865784
44.42519524822276
44.94214168919442
45.455407663473416
45.98446729816027
46.50974561618238
47.0508247341166
47.58807760517868
48.14188746929764
48.69176187062439
49.25818184353428
49.8205658051417
50.400244464588155
50.97580666866492
51.56873080800609
52.15745046326795
52.764291704914655
53.36683412779613
53.987554547136995
54.60384693616051
55.23907358615064
55.869798786192376
56.51959045642154
57.164762733456946
57.82977469357646
58.49008201388913
59.170363758975114
59.845784066929134
60.54193719850529
61.23316227348344
61.94533614035835
62.65242918989597
63.381243247022645
64.10490384230539
64.85051208865858
65.59078005869124
66.35376028181292
67.11134082966713
67.89193562767429
68.6669458215241
69.46575265246537
70.25891462610915
71.0761894846496
71.88759329689734
0.9914089611913173
43.43450718871906
43.939773689292316
49.043722820365105
49.61424942934781
56.94443906021672
57.60688714454517
53.50099783353059
54.123397679719496
64.6027664874966
65.35433250263927
66.0103916949583
66.77834805506741
69.21889788962723
70.02420504149175
57.76161002119014
58.43363002516742
69.27907150472781
70.08510807620488
72.09583139182263
72.9346548199794
79.35815528686379
80.28149793102475
75.89328932512835
76.77633319291596
82.47283921284485
83.43245999518287
84.13005051101506
85.10897150361104
88.7563660031809
89.78914440484195
71.16442263381411
71.99251291069821
76.58879425718578
77.48002125748782
79.56790183476168
80.49380550166131
89.4078754971991
90.4482992011315
84.77988944238717
85.76646377619129
94.31151688632819
95.40901942067194
96.70148770570322
97.82680365301657
106.25862694433657
107.4951679861758
95.13387898818125
96.24095715452708
101.02972666495012
102.2054103115593
103.7125627371169
104.91944881928143
114.18047343516469
115.50916320610558
109.81975853062967
111.09768045419291
118.60645623990742
119.9866061711513
121.07750532563718
122.4863817211463
131.3563945027038
132.88486667517958
107.73638848482699
108.99000453664847
102.4814163540086
103.67387884873742
103.93475794083741
105.14412111625073
112.20763239353298
113.51325091355021
108.17605117475226
109.4347510795346
116.27306203615416
117.62597134345759
118.40930129824645
119.78705922887572
133.429753683571
134.9822788189759
119.77113365824356
121.16472805683685
124.41796606458693
125.8656267381056
126.92726256354149
128.40411574001553
141.8736744840332
143.52443501394404
135.09676533765193
136.66867145388113
148.7045570410777
150.43479654085806
151.59623743752888
153.36012136869488
168.28305664276826
170.24110051457666
147.31115550854915
149.0251825670746
146.12495256530218
147.82518032174582
147.36051791142577
149.07512242596204
160.11770870396867
161.9807519585762
154.36126226257036
156.1573281327428
166.10319019334617
