0.0
0.23641616532907164
0.4517139787160283
0.6266615277019867
0.745631268773781
0.7979959892832436
0.7790781047025561
0.6905674933190991
0.5403705444409208
0.3419039041870642
0.11289600644789413
-0.12619655531459822
-0.3540163546358814
-0.5502129273471785
-0.6972606179308702
-0.7820240941320775
-0.7969316870686727
-0.7406517458621863
-0.6182115900447906
-0.44054843407811134
-0.2235323985591421
0.01345112038747835
0.24923309081070097
0.46275181151055844
0.6349342910793213
0.7503999814197904
0.7988346762996839
0.7759118486760694
0.6836791264706252
0.5303753840657467
0.3296947881934053
0.09956353880564936
-0.13946142497838512
-0.36602871502025836
-0.559899750074836
-0.7037566079773375
-0.7847489840531938
-0.7956420705631909
-0.735462820531739
-0.6095868671352229
-0.42925833440034317
-0.2105854330926353
0.02689843777691646
0.26197955131016115
0.4736588117657853
0.6430275412413019
0.7549565355552867
0.7994475109983346
0.7725262212394194
0.6765974649143414
0.520230272125685
0.3173924585044792
0.08620292183954253
-0.15268686509936408
-0.3779375891187855
-0.5694282738953085
-0.7100536268652102
-0.7872520040653173
-0.7941275043765045
-0.7300659598329406
-0.6007897974173297
-0.4178468717013707
-0.19757892938928018
0.04033815024546885
0.27465194305593504
0.4844318957756967
0.650938990005696
0.759299642918322
0.7998343201141358
0.768922179601687
0.6693245108288324
0.5099380769201737
0.30500039332393114
0.07281793295985282
-0.16586913648543203
-0.38973960996843
-0.5787958048354137
-0.7161498942557569
-0.7895324464965237
-0.7923884167177213
-0.724462689605287
-0.5918228680622957
-0.4063172723124733
-0.18451656474188613
0.05376645802041113
0.2872466832177638
0.49506801769605596
0.658666400590483
0.7634280755941678
0.7999949942856167
0.7651007427235925
0.6618623204762838
0.4995017083330865
0.29252209622606273
0.0594123564674522
-0.17900451214947316
-0.40143144081649124
-0.5879996944390472
-0.7220436865681655
-0.7915896666036338
-0.7904252992742834
-0.7186545940458663
-0.5826886142652475
-0.39467279596538557
-0.1714020322366685
0.06717956455343996
0.29976021091960914
0.5055641704055388
0.6662075882462459
0.767340666362474
0.7999294880858133
0.7610629910294157
0.6542130036211371
0.4889241170100544
0.2799610951653084
0.045989982483916954
-0.19208927836304168
-0.4130097760639562
-0.5970373405159445
-0.7277333374668273
-0.7934230827544941
-0.7882387070729612
-0.7126433152614866
-0.5733896185285221
-0.38291673487073197
-0.15823903970916983
0.08057367759400043
0.3121889882463518
0.5159173863558896
0.6735604208738378
0.7710363090272673
0.799637820035114
0.756810066101532
0.6463787229335982
0.47820829352422206
0.2673209414787579
0.0325546058799146
-0.20511973570638695
-0.4244713422001389
-0.6059061878774423
-0.7332172383324934
-0.7950321765924329
-0.7858292583229152
-0.7064305528043537
-0.5639285099314307
-0.3710524127871022
-0.14503130869580058
0.09394501026162577
0.324529501244222
0.5261247384110528
0.680722819627265
0.7745139587297373
0.7991200725960198
0.7523431703576261
0.6383616933781457
0.4673572675306839
0.25460520888205523
0.01911002520226496
-0.2180922001143879
-0.4358128987281822
-0.6146037290588825
-0.738493838717055
-0.7964164931828043
-0.7831976342409213
-0.7000180631916013
-0.5543079633870222
-0.35908318408144496
-0.13178257338180108
0.10728978211642995
0.3367782609141241
0.5361833406746238
0.6876927595013447
0.7777726322436059
0.7983763921498319
0.7476635667107723
0.6301641815873644
0.4563741069099959
0.24181749245909534
0.005660041600064118
-0.23100300391807502
-0.4470312390811893
-0.6231275050285113
-0.7435616467818846
-0.7975756411416091
-0.780344578858775
-0.6934076594086754
-0.5445306988858023
-0.3470124327806753
-0.11849657954544962
0.12060422022798918
0.34893180419812697
0.5460903493058155
0.6944682699042611
0.7808114082531268
0.797406988955265
0.742772578212362
0.6217885052210814
0.4452619169007719
0.22896140764556083
-0.007791542250037926
-0.24384849688161095
-0.45812319152883146
-0.6314751058827327
-0.7484192297196299
-0.7985092927461519
-0.7772708988129304
-0.6866012103967476
-0.5345994807267116
-0.33484357161491074
-0.10517708349902344
0.133884560242055
0.3609866949585647
0.5558429633234883
0.7010474352147047
0.7836294276135665
0.7962121370890021
0.737671587678041
0.6132370323111017
0.4340238392217475
0.21604058920674052
-0.02124092321895751
-0.25662504723431145
-0.4690856200740828
-0.6396441715274537
-0.7530652141593072
-0.7992171840276979
-0.7739774631164428
-0.6796006405243147
-0.5245171167355821
-0.3225800410525995
-0.09182785102678695
0.1471270474448397
0.3729395249495264
0.5654384253980649
0.7074283953234708
0.7862258935941081
0.7947921743682056
0.7323620372967493
0.6045121805917009
0.42266305118353115
0.203058690209882
-0.034684298800425464
-0.2693290426974459
-0.4799154253398517
-0.6476323923453466
-0.7574982865545903
-0.7996991148461037
-0.770465202913274
-0.6724079290431274
-0.5142864574712889
-0.31022530832780637
-0.0784526563203019
0.16032793782457622
0.38478691478046034
0.574874022631102
0.7136093461593629
0.7886000721031091
0.7931475022550066
0.7268454282229756
0.5956164168160649
0.41118276479029153
0.1900193809913696
-0.04811786818605922
-0.2819568915055267
-0.4906095454452598
-0.6554375098488422
-0.7617171935551865
-0.7999549489464024
-0.7667351112150338
-0.6650251095286017
-0.5039103954198193
-0.2977828664599311
-0.06505528091136076
0.17348349913005207
0.39652551487161913
0.5841470873223006
0.7195885401992526
0.7907512918956485
0.7912785857430011
0.7211233201523397
0.5865522560588734
0.39958622583163644
0.1769263481190214
-0.0615378333399548
-0.2945050234217996
-0.5011649568713186
-0.6630573173186637
-0.7657207423611927
-0.7999846139973266
-0.762788242620227
-0.6574542693048718
-0.493391864176488
-0.28525623326613686
-0.051639512602844606
0.18659001192581864
0.408152006401078
0.5932549977237376
0.7253642869621526
0.7926789447633066
0.7891859532257837
0.7151973308806246
0.5773222610052181
0.38787671296494003
0.163783293349795
-0.07494040007249503
-0.3069698907476466
-0.5115786753157605
-0.6704896604277282
-0.7695078010603319
-0.7997881016117586
-0.7586257130160914
-0.6496975488546473
-0.4827338376165307
-0.2726489503667674
-0.03820914439780812
0.1996437706437767
0.4196631022430552
0.6021951787811052
0.7309349534871612
0.7943824857061212
0.786870196347556
0.7090691358463808
0.5679290412260628
0.37605753678837683
0.1505939325832007
-0.08832177911307029
-0.3193479693256166
-0.5218477565367827
-0.6777324378502323
-0.7730772989479764
-0.7993654673491015
-0.7542486992631048
-0.6417571412140389
-0.4719393290543077
-0.25996458218403473
-0.024767973427094334
0.21264108463084144
0.43105554789727263
0.6109651028617491
0.7362989647951447
0.7958614330866755
0.7843319698358527
0.7027404676572342
0.5583752524404458
0.3641320389049257
0.13736199481071532
-0.10167818718140847
-0.33163575953580143
-0.5319692971854646
-0.6847836018557552
-0.7764282268298646
-0.7987168306995711
-0.7496584388622552
-0.6336352913525297
-0.4610113903913582
-0.24720671493425952
-0.011319799875782334
0.2255782791923908
0.4423261224090914
0.6195622904692989
0.7414548043340274
0.7971153687662682
0.7815719913164327
0.6962131156000321
0.5486635957646372
0.35210359097760713
0.12409122106149469
-0.11500584805721135
-0.34382978728527325
-0.541940435626623
-0.6916411588882068
-0.7795596373074277
-0.7978423750504123
-0.7448562296051654
-0.6253342955382589
-0.4499531112535444
-0.2343789556139505
0.0021315740912285575
0.23845169663120133
0.4534716392801637
0.6279843109446892
0.7464010144075619
0.7981439382231341
0.7785910411103866
0.6894889251349613
0.5387968169484582
0.33997559377622316
0.11078536334468297
-0.12830099364779488
-0.35592660499030526
-0.551758352747875
-0.6983031701294609
-0.7824706450456458
-0.7967423476340517
-0.7398434292071715
-0.6168565006888057
-0.4387676181175308
-0.22148493098000804
0.015582345404194346
0.25125769728157915
0.4644889473693423
0.6362287831533735
0.7511361965874594
0.7989468506526767
0.7753899620135181
0.6825697973737873
0.5287777055989836
0.3277514762158662
0.09744818358861733
-0.1415598650534317
-0.3679227925510976
-0.5614202727566774
-0.704767752047512
-0.7851604270233552
-0.795417059458197
-0.7346214549234605
-0.6082043037076513
-0.4274580734268432
-0.2085282865243412
0.02902871116375774
0.2639926605383925
0.47537493178359425
0.6442933761585352
0.7556590121087636
0.7995238790496861
0.7719696590580635
0.675457688542358
0.5186090943918444
0.31543469438746174
0.08408345257720584
-0.15477871363012785
-0.37981495831877266
-0.5709234639651589
-0.7110330769290322
-0.7876282227659535
-0.7938668852178958
-0.7291917831483314
-0.5993801508064335
-0.41602767469765356
-0.1955126854430559
0.04246686971627897
0.2766529858808645
0.4861265147588012
0.6521758098802125
0.7599681822484164
0.7998748602725241
0.7683310992567538
0.6681546094274002
0.5082938582701678
0.3030287305804574
0.07069494888367676
-0.16795380204956595
-0.39159974005433434
-0.5802652395624469
-0.7170973733960951
-0.7898733345603869
-0.7920922631896099
-0.7235559489978427
-0.5903865368134754
-0.4044796536149754
-0.18244180760106532
0.05589302172831448
0.2892350938901633
0.49674065652957067
0.6598738557396507
0.7640624886866139
0.7999996950892299
0.7644753113295809
0.6606626248083779
0.49783491363230126
0.2905370922988826
0.05728645780285017
-0.1810814053552489
-0.40327380587887734
-0.589442958374044
-0.7229589269068587
-0.7918951276523791
-0.790093695107331
-0.7177155458758446
-0.5812260044684587
-0.3928172751189538
-0.16931934849159574
0.0693033712609628
0.30173542726162855
0.5072143561889129
0.6673853372896095
0.7679407738514102
0.7998983482055999
0.7604033854128031
0.6529838528733797
0.4872352175067241
0.2779633112690667
0.04386177028031043
-0.19415781201621582
-0.4148338552160711
-0.598454025608904
-0.7286160802405168
-0.7936930304259633
-0.787871746020683
-0.7116722250233525
-0.5719011437033477
-0.3810438364815934
-0.1561490181912037
0.08269412684320461
0.3141504518105924
0.5175446525367017
0.6747081308296927
0.771601941245971
0.7995708482751585
0.7561164727507684
0.6451204646203488
0.47649776671619454
0.2653109424413308
0.030424681840817043
-0.20717932497619151
-0.42627661972515124
-0.6072958935929197
-0.7340672339657597
-0.7952665345650627
-0.7854270441351838
-0.7054276950517498
-0.562414590910226
-0.36916266637462514
-0.142934540310935
0.09606150254376401
0.32647665747151433
0.5277286249168329
0.681840166006744
0.7750449557585689
0.7990172878910545
0.7516157853704329
0.6370746832432894
0.46562559703046597
0.25258356298490664
0.016978991515206498
-0.22014226269884507
-0.4375988642249681
-0.6159660624892195
-0.739310846892977
-0.7966151951972057
-0.7827602806346333
-0.6989837214597183
-0.5527690281959177
-0.3571771239284003
-0.12967965094355868
0.10940171904149432
0.3387105592903722
0.5377633940429727
0.6887794264001907
0.7782688439552368
0.798237823559884
0.746902595738687
0.6288487835037091
0.4546217823079922
0.2397847712765736
0.0035285007663027066
-0.23304296020866033
-0.4487973876086609
-0.6244620810049404
-0.744345436509994
-0.7977386310193032
-0.7798722094856975
-0.6923421261340823
-0.5429671826236813
-0.34509059778217277
-0.1163880976072716
0.12271100469389512
0.35084869840995386
0.5476461228126103
0.6955239500921416
0.7812726943549846
0.7972326756574406
0.7419782364025944
0.6204450910874816
0.4434894336268642
0.22691818588329934
-0.009922987585860004
-0.24587777012712425
-0.45986902374869765
-0.6327815470842743
-0.7491695794012179
-0.7986365244054536
-0.7767636472247416
-0.6855047868347119
-0.5330118254421952
-0.3329065051260387
-0.10306363818617324
0.13598559660345835
0.36288764304777
0.5573740171091847
0.7020718302220742
0.7840556576875003
0.7960021283664096
0.7368440996126457
0.6118659819473121
0.43223169840522335
0.21398744453917265
-0.02337167043919771
-0.2586430637039402
-0.4708106423920259
-0.6409221085875951
-0.7537819116500768
-0.7993086214967442
-0.7734354727269728
-0.6784736366636297
-0.5229057713020507
-0.32062829073480337
-0.08971003986780927
0.14922174168154187
0.3748239894663129
0.5669443265920565
0.7084212155259559
0.7866169471332606
0.794546529596022
0.7315016369291303
0.6031138816309912
0.4208517595114006
0.20099620311691654
-0.036813745484817396
-0.2713352318429745
-0.48161915004507994
-0.6488814639564725
-0.7581811292246355
-0.7997547322730238
-0.7698886269579583
-0.6712506635184696
-0.5126518774599735
-0.3082594259940501
-0.07633107807808519
0.16241569770946981
0.38665436293538535
0.5763543454741052
0.7145703108596476
0.7889558385459872
0.7928662908836908
0.7259523588117407
0.5941912645956257
0.40935283436403314
0.187948134594274
-0.050245412282033254
-0.2839506861226461
-0.49229149084839635
-0.6566573628643853
-0.762365988346281
-0.7999747306066273
-0.7661241127075891
-0.6638379095304441
-0.5022530429709987
-0.2958034079186846
-0.06293053541385062
0.1755637343965597
0.39837541868622894
0.5856014132867282
0.720517377706439
0.7910716706573822
0.7909618872786581
0.7201978341925256
0.5851006535080424
0.39773817402241257
0.1748469280155567
-0.06366287333285474
-0.29648585981047154
-0.5028246474405882
-0.6642476068529495
-0.7663353058413724
-0.7999685542980339
-0.7621429943065632
-0.6562374704869786
-0.4917122078688295
-0.2832637581642337
-0.0495122005734561
0.1886621344347773
0.4099838428571813
0.5946829156320276
0.726260734668575
0.792963845264087
0.7888338572076861
0.7142396900323086
0.5758446185315627
0.3860110622673215
0.16169628744865194
-0.07706233515564266
-0.30893720887147635
-0.5132156418114356
-0.6716500499534832
-0.770087959475757
-0.7997362050934549
-0.7579463973254712
-0.6484514952391747
-0.48103235233460984
-0.27064402203117754
-0.03607986728558491
0.20170719454972075
0.4214763534305952
0.6035962849219723
0.7317987579426325
0.7946318273968103
0.7864828023228287
0.708079610860703
0.566425776599345
0.37417481467261954
0.14849993093778172
-0.09044000935762984
-0.3213012129701912
-0.5234615361438502
-0.67886259929373
-0.7736228882720555
-0.7992777486843377
-0.7535355082565665
-0.6404821850942719
-0.4702164958543457
-0.25794776746259634
-0.022637333236662643
0.21469522654763715
0.4328497011607537
0.6123390011043244
0.7371298817786139
0.7960751454715786
0.7839093873313289
0.7017193382998491
0.5568467906745089
0.3622327776678404
0.13526158945231034
-0.10379211370600278
-0.3335743764659464
-0.5335594336444758
-0.6858832156895706
-0.7769390928096298
-0.7985933146887945
-0.7489115741783111
-0.6323317931932778
-0.45926769636521403
-0.24517858403541606
-0.00918839899714785
0.22762255835817524
0.44410067049252133
0.6209085923751276
0.7422525989226274
0.7972933914230663
0.7811143398076867
0.6951606705720105
0.5471103689972415
0.350188327592065
0.12198500583189792
-0.1171148731972419
-0.34575322940118436
-0.5435064793626913
-0.6927099142215561
-0.7800356355071464
-0.797683096614955
-0.7440759024027935
-0.6240026238739437
-0.4481890493910012
-0.23234008194553707
0.004263133052992737
0.24048553507257986
0.45522608047046814
0.6293026358775524
0.7471654610430286
0.798286220819966
0.7780984499879553
0.688405461991167
0.5372192643191047
0.3380448697393382
0.10867393372829744
-0.13040452112441803
-0.35783432848251145
-0.5532998609977823
-0.6993407647960992
-0.7829116408876561
-0.7965473518062569
-0.7390298601061153
-0.6154970320192662
-0.4369836871669135
-0.2194358909871333
0.017713459799320583
0.2532805199770342
0.4662227856382131
0.637518758386904
0.7518670791399031
0.7990533529623693
0.7748625705463188
0.6814556224387504
0.5271762731247571
0.3258058373959002
0.09533213654409545
-0.14365730014214279
-0.36981425805421075
-0.5629368096940558
-0.7057738926911629
-0.7855662958261149
-0.7951864013686875
-0.7337748739418536
-0.6068174223916967
-0.4256547777540092
-0.2064696595264109
0.031158778468169362
0.2660038955808575
0.47708767692773035
0.6455546369815979
0.756356123937775
0.7995945709611284
0.7714076163540189
0.6743131168236681
0.516984234841312
0.3134746908695021
0.08196338636869539
-0.15686946332887255
-0.3816896310639406
-0.5724146008236706
-0.7120074790862969
-0.7879988497792771
-0.7936006300799986
-0.728312429637707
-0.5979662489532503
-0.41420552414350165
-0.19344505347011534
0.044595287701792635
0.27865206463926884
0.48781768253836655
0.6534079996999129
0.7606313262614288
0.7999097217991755
0.767734564220695
0.6669799645267709
0.5066460310355537
0.3010549165110831
0.06857146291184546
-0.1700372752462653
-0.3934570900203471
-0.5817305547569639
-0.718039761576867
-0.790208614997894
-0.7917904862809192
-0.72264407157544
-0.5889460141717039
-0.40263916335118605
-0.18036575522908033
0.05801918863311122
0.2912214511704254
0.4984097688053235
0.6610766261823366
0.7646914773947405
0.7999987163747864
0.7638444526182139
0.659458238829918
0.49616458459924023
0.28855002572908445
0.0551601524350115
-0.18315701299529058
-0.40511330794231815
-0.590882037620056
-0.7238690346723349
-0.7921949667211593
-0.7897564817484006
-0.7167714023542542
-0.5797592683130951
-0.39095896550226694
-0.1672354626771316
0.0714266859597337
0.3037085014664295
0.5088609410573398
0.6685583482993089
0.7685354294224074
0.7998615295267713
0.7597383813870731
0.6517500663298177
0.4855428589227404
0.2759635539966994
0.04173324668092064
-0.19622496726877256
-0.41665498929959155
-0.5998664620395021
-0.7294936502784376
-0.7939573433533434
-0.7874991915509099
-0.71069608233765
-0.5704086087206317
-0.37916823290672586
-0.1540578881055088
0.08481398901708241
0.31610968509814263
0.5191682444634365
0.6758510507642614
0.7721620955545214
0.7994982000415877
0.755417511425417
0.6438576263367276
0.4747838570571301
0.26329905985221375
0.02829454180144147
-0.20923744340020034
-0.42807887094457026
-0.6086812878738752
-0.734912018163186
-0.7954952466225833
-0.7850192538858622
-0.7044198291840564
-0.5608966790804439
-0.3672702991257861
-0.14083675717343272
0.09817731284998155
0.3284214959132073
0.5293287648682223
0.682952671731591
0.7755704504337944
0.7989088306423757
0.7508830643608615
0.6357831502583831
0.4638906208652567
0.2505601238930378
0.014847837284444752
-0.22219076240817845
-0.43938172303478495
-0.6173240229318404
-0.7401226064064099
-0.7968082417217395
-0.7823173698991723
-0.697944417361162
-0.5512261686740813
-0.3552685280293461
-0.1275758078546713
0.11151287928285779
0.3406404530274163
0.5393396296158756
0.6898612033796505
0.778759530425482
0.7980935879599151
0.7461363222050794
0.6275289209690649
0.452866230161649
0.23775034776328885
0.0013969348794939263
-0.23508126203666324
-0.45056034994613725
-0.6257922236768281
-0.7451239418329124
-0.7978959574313405
-0.7793943034870239
-0.6912716776442352
-0.5413998116181941
-0.3431663128449413
-0.11427878938073469
0.12481691798791068
0.3527631018088324
0.5491980083623044
0.696574692478402
0.7817284338898215
0.7970527024855136
0.7411786269913467
0.6190972721641821
0.44171380184178793
0.22487335313552978
-0.012054362476990307
-0.2479052977903604
-0.46161159117636963
-0.6340834959178715
-0.7499146104289659
-0.7987580862245331
-0.7762508810798959
-0.6844034965985138
-0.5314203860915251
-0.330967075198386
-0.10094946118086556
0.13808566755108712
0.364786014854507
0.5589011138753622
0.7030912409416473
0.784476321436951
0.7957864685058416
0.7360113803951144
0.6104905877004724
0.4304364890008759
0.21193278068682325
-0.025502251736923706
-0.26065924396512324
-0.47253232223862585
-0.6421954954865103
-0.7544932577420932
-0.7993943843540293
-0.7728879914089086
-0.6773418160458221
-0.5212907135494425
-0.3186742641463869
-0.08759159181914601
0.15131537653553528
0.3767057929594998
0.5684462028228741
0.7094090063636698
0.7870024161642272
0.7942952440197285
0.7306360433377156
0.6017113009220211
0.41903748004236974
0.19893228906941354
-0.03894293081578371
-0.2733394946730376
-0.4833194555448286
-0.6501259288995511
-0.7588585892640078
