-0.12390957277208961
0.00496549266919778
0.19593958466177935
0.3342931671771759
0.4765092203171498
0.5880131697542469
0.6526546928288162
0.6736635735004483
0.6451631573907174
0.5520715061812711
0.39383374225676626
0.18387849778262103
-0.038971884092281826
-0.23662264648885134
-0.39790967547846706
-0.5176424942502458
-0.5848078489885512
-0.5953474591000019
-0.5525957101685575
-0.45751022867841107
-0.3194420412673039
-0.15497267567067535
0.020992024061981196
0.19366139683807992
0.3393770281964898
0.44617517503074944
0.5104357581549328
0.5301659917945885
0.505610962366829
0.43957889385592414
0.3357546114813383
0.1994917476233076
0.15055086836279452
0.0393213081016316
-0.09789749631428589
-0.21131488119819766
-0.31609125652212566
-0.39803214118236097
-0.4481630117179758
-0.46949690645634634
-0.4613893664167103
-0.423798635601985
-0.31934686957030495
-0.11138652453590721
0.04522540013374455
0.1801719762988039
0.3054655768986958
0.3994682674816029
0.45043714267188495
0.4569756291639619
0.4220826698367241
0.34644654871388203
0.24002848388048292
0.11245428214147304
-0.025688503987566516
-0.16413659047520976
-0.2794495497367473
-0.36008434574115744
-0.4021103601994017
-0.4049098827811978
-0.3735439149165474
-0.3115039249567173
-0.22258063502441988
-0.10883274232707496
-0.1479394901650049
-0.09672766629555951
-0.00025311743332551845
0.07570491031995868
0.16046775270827765
0.23783026204463617
0.29585103257866274
0.3387475542258876
0.35448364138708827
0.31839612544313867
0.2378345245877266
0.1518305971668858
0.05984681616499615
-0.033650624256737344
-0.12184633330691916
-0.20343874726429664
-0.2590287995533161
-0.2839516899692681
-0.2799595755140541
-0.24861115465229014
-0.19820036589593645
-0.13403200348489766
-0.059991849913119906
0.02203165558630492
0.09505724729311624
0.15272888449345767
0.19167482484502033
0.21000304772239636
0.2092961153368379
0.19187934237855991
0.1604089764397784
0.11353460148048893
0.11956067584784742
0.08871756948067622
0.036263511299334104
-0.011538077275953983
-0.06463552105526732
-0.11615031227911343
-0.16132414576425783
-0.20218056462390327
-0.2297454961208173
-0.23289054259952272
-0.2066793324034664
-0.1476297173590421
-0.08403179686695228
-0.020591291859669503
0.04638978398678885
0.11371908763676358
0.16027388128076986
0.1866961841067202
0.19048817749380034
0.1705133310241522
0.13676895927151725
0.09543899120567644
0.04641648086517453
-0.0124480226188273
-0.06702499441406609
-0.11235113010396774
-0.14357778248289618
-0.1566398578964767
-0.15296944460175801
-0.136813143470402
-0.11000507884276974
-0.06811807432711667
-0.06482058756018069
-0.044433659140502596
-0.00996873898113118
0.018483497800901923
0.049037110366016684
0.07773573555945419
0.09933634127437084
0.11641217136033064
0.1276604605183956
0.12448754907665364
0.10341952431045905
0.07019426556143092
0.03976323606760245
0.008835575661964348
-0.023676650132077794
-0.05702216925051272
-0.08376220281000922
-0.10043162232867253
-0.10558048510913869
-0.09908364043890601
-0.08495661023215802
-0.06369343948714576
-0.03862601667739801
-0.008353198883361836
0.0196925682756942
0.04277864934256707
0.05835244592442919
0.06617794848221531
0.06787721429672885
0.06339714352422594
0.05466017806310763
0.04022512000257861
0.0453880735592827
0.04095067903135234
0.026660624743579525
0.012661605338387418
-0.004719021265468351
-0.02334267348517615
-0.03960062041960744
-0.05633672828730894
-0.07153270918502352
-0.07776188359180444
-0.07260283711179671
-0.05910436509100282
-0.041844965152904263
-0.02240100856055493
-0.0017738513906732486
0.020770626270485676
0.03858186168098476
0.051220938081734016
0.05749160030635403
0.05571286034227942
0.048979382365862245
0.038619836725185666
0.02602523769428187
0.010330276459746698
-0.00435020885663776
-0.017759141574718064
-0.029130112751457573
-0.03658206440380177
-0.03960604096829777
-0.0379111933605361
-0.033523403034008956
-0.025869458990502386
-0.02661695354137388
-0.02280574548251715
348.9269957627669
0.986920682919592
0.9280391501140207
0.00498396269969692
0.5954773886102448
-0.1351361341839703
0.09912469910508015
0.0033398960257006935
0.1370556278973698
-0.0017767433673521738
-0.06673442085171499
-0.033936257726639774
0.10198843042393413
0.008285209116181746
-0.07671645533525001
-0.003954294761327082
0.11125531658546217
0.018066613911704665
0.11166958651269902
0.027659411291291902
-0.3306925217827744
0.0033694173374247544
-0.00010142817951530603
0.02092796299633365
0.005256073583347232
0.024097494059177924
-0.020285349979585476
-0.0036369815956027035
0.22137562335344385
-0.0031387592331093422
-0.0331868644747636
-0.005100761098891042
0.7250449044757828
0.0037094937535698813
-0.00035429180600404786
-0.012568395348218298
0.279740071756273
-0.030793377861100535
0.10821549778021378
-0.009068841747513143
0.014718179457559155
-0.0037260418927291122
0.0067227430023328386
0.008286346956895896
0.05038648935832435
0.02246062080387401
0.06787748832185611
0.009751041070363398
-0.0607017863595789
0.014048036619124182
-0.025544856189007203
-0.006884820692703984
0.0018789450165394884
0.01056990398663471
0.03436259589019852
-0.009252473627363693
0.06707317617303143
0.016589009640510792
-0.033573384981985144
0.00646495367892691
0.00263155263592435
-0.017854841527990536
-0.012025426877915968
0.007540951463124598
0.9284566858900087
0.0003836833025872566
-0.002088383002318117
-0.019709011137235215
0.004450208702689085
0.008805370576140122
0.004202710153758608
0.0036350481562628933
-0.01679328931899926
0.01678154928400448
-0.011404416471088683
-0.004963512636432847
-0.0152249426694029
0.005382680504902107
0.020567061855155472
-0.009403728574219006
0.01391401029350696
-0.0025466991305044956
0.0025567211236009676
-0.008473047568053158
-0.0076046317094367565
-0.0011174040928047732
0.013136935214561638
0.006399769532203517
0.027699634742816136
-0.01622318379490864
-0.003954730968594042
-0.009786393281655148
-0.007489869087670548
-0.024386214583388854
0.006414897136709563
0.0019277359630232027
0.019896767295001394
0.0022766127770733058
-0.0001340998840420049
0.0020561784323808174
-0.0009491022215087491
0.006400281632084642
-0.006089110262117614
-0.002190389044967921
0.0028477426399379363
0.004891656915130868




