-0.039287528045458014
0.003688594398924265
0.08246785342043969
0.16191914591396106
0.25183934642430816
0.34533377040619756
0.43689385926796737
0.5232575103628104
0.6027249329363152
0.6724057431123662
0.7326146182246228
0.7832310767653649
0.8236304260372073
0.8542865033539977
0.8761865344307229
0.8896446852938745
0.8948418856498495
0.8918401954586181
0.8814376920959089
0.863733401368113
0.838411893318387
0.8050911325600474
0.7631995677284069
0.7132206137988716
0.6567942023237036
0.5953479077588162
0.5287871233849518
0.4577979423606655
0.3835640176033849
0.30643785897066467
0.22567863607899813
0.14201943765138023
0.09532559609515869
0.03490217402716325
-0.039665545038072465
-0.1212607341617748
-0.2228829779127086
-0.341481078388667
-0.42358615659521864
-0.49462319009707795
-0.5598819876419604
-0.6176131010562816
-0.6689971901336661
-0.7152550972065839
-0.7538185089221731
-0.7851829622834259
-0.8091419153259403
-0.8254358474442977
-0.8325070061461306
-0.8303613968944886
-0.8194381722992625
-0.8000445090260575
-0.7729814126030281
-0.7385773210727979
-0.6973154258655783
-0.6492970579271151
-0.5968462841774363
-0.5401695967011096
-0.4800577962596412
-0.41626660700381407
-0.35120241863270785
-0.28321083928453633
-0.21250619994208692
-0.13841815390333315
-0.1242960538645917
-0.08681529966072762
-0.026778265766747675
0.03963614853993815
0.10883007300129398
0.17837311306579962
0.2477677128818642
0.31611874203161716
0.3779350676714065
0.4339946393787959
0.4841615567946239
0.529992727211254
0.5683513063099397
0.601697365060139
0.6301769846054512
0.654240427585779
0.6710908116321581
0.6805156130219531
0.6831528104397806
0.6794034363226632
0.6694905281907192
0.6537493156496335
0.6322764610477508
0.6041320255218905
0.5715913877206897
0.5344760168064301
0.4935560099673772
0.4478026248418756
0.4010095243032223
0.35142594207836403
0.29922966946510693
0.2424577400941232
0.20943769441492693
0.169743125209485
0.12140262901852628
0.06820805661857426
0.011148925130534792
-0.05229434076592387
-0.1122324497686355
-0.1727264737373309
-0.22745641959574656
-0.2770096447885728
-0.3212825252133725
-0.3635138328983796
-0.3991623730618278
-0.43173014944011956
-0.4614507177689249
-0.4897135731180156
-0.5116248708178118
-0.5271731425239587
-0.5367036269968568
-0.5409934424149816
-0.539550596458536
-0.533361445710592
-0.5228669479848995
-0.5067786281896404
-0.4870132304751367
-0.46284123594285953
-0.4351568219903967
-0.4019508185837103
-0.36760845199776765
-0.3295996998836214
-0.2885687068158615
-0.24154580532056416
-0.20912966399998575
-0.1769172820897969
-0.14176794343831647
-0.10343572170330553
-0.06519543814126713
-0.02296893350347791
0.01625806442218913
0.05671077534846755
0.0930915552200326
0.12822452339686635
0.1589291119394271
0.18927340472157486
0.2150890153632536
0.24017427612825504
0.26250730018189744
0.28485382008465215
0.3031320964804527
0.31879391544963986
0.3299024594849436
0.33806313242135544
0.34226393138383665
0.34392659189544844
0.34295651652460596
0.33891976071125035
0.3325607149837606
0.3231937288190436
0.3118691559981967
0.29702004507694924
0.28170113910985567
0.2639157918082978
0.24549682076061766
0.2232801533700964
0.2064772954276826
0.18866534639986077
0.1695802059265937
0.14785524484988033
0.12688823615680256
0.10335646882241308
0.07975649121189965
0.05318236113772614
0.028204311364089803
0.00380501912149276
-0.017838552808090994
-0.040350192773174545
-0.060042878535788095
-0.07869741733480247
-0.0953195106521653
-0.11303936148970323
-0.12844375371423877
-0.14197807353130884
-0.1526073740338467
-0.1623990674833299
-0.16978704438546438
-0.17539411177738198
-0.17921223093693645
-0.18194568738104022
-0.1832315027582944
-0.182568355698972
-0.1802661226932447
-0.17562121012145362
-0.16984691829970253
-0.16196317424984444
-0.15306439198040053
-0.14087894726674896
-0.1295766833092009
-0.11777217827683505
-0.10588054000498322
-0.09237344795603465
-0.07909886013210767
-0.06467512535440106
-0.05129210351261535
-0.036719240137036355
-0.023419077184395898
-0.010306866128069282
0.0009921915899983645
0.012659246628030515
0.02277091819101488
0.03261136383542694
0.04118490800169389
0.05032858590585354
0.058355590232899206
0.06594258581160323
0.07197905084369657
0.07768241035827633
0.08207485058795681
0.08574816048464574
0.08835158458975025
0.09049387589611595
0.09189098092033171
0.09248827210777497
0.09218945892845293
0.09082574743789525
0.0888640976904424
0.08589538984483933
0.08250001040979428
0.07778052566694535
0.07327514204916917
0.06835765253138465
0.06350098486158919
0.05787890583937256
0.052502659392150174
0.04648695937242207
0.04079465377546616
0.034243830682200764
0.027993734268133216
0.021364958911983187
0.015503766359807984
0.009110982346949929
0.003390577243909969
-0.002418849802793661
-0.007437229221385159
-0.012948558029380365
-0.01787771157934045
-0.022790116478764184
-0.026759570271159907
-0.030741345724933974
-0.033943026275537455
-0.03686678158368264
-0.03903760701774979
-0.0410873733969707
-0.04265599481962556
-0.04391557576851188
-0.04458244471221088
-0.04479231721932813
-0.044583060503967306
-0.04386039693116978
-0.042818385551910844
-0.0410801543831997
-0.039185317801079235
-0.036858161203593726
-0.03446269746208215
-0.031508583495259354
-0.028614326794234993
-0.02526803824479893
-0.022103785137468263
-0.018416595131946326
-0.014902862321568129
-0.011101375868949175
-0.007733987643946435
-0.004053225462426863
-0.0007416323668497163
0.002646677210218953
0.005565005756852174
0.008708513315982658
0.011514348966088266
0.014280340959903583
0.01650111730456272
0.018650709197270847
0.020371876715123277
0.021879865674492842
0.02294915734094368
0.023858666217661376
0.024526606183654095
0.024988906053511693
0.025140412904157312
0.02497221173009273
0.02458386524391351
0.02384766646535745
0.022902506121098305
0.02148498870393278
0.02002302913270589
0.018374229066232557
0.01679948947376029
0.01501162951604729
0.013345443266128212
0.011560193677887949
0.010018716532026692
0.008374445225116817
0.006908352664286464
0.0053955898807974325
0.004135608741234637
0.002790289716788284
0.0015855013171533045
0.0003106141106907143
-0.0007918114303352304
-0.0020244860321091624
-0.00317292469211503
-0.004407758685826044
-0.005452242835616744
-0.006540352462406042
-0.007470477846445533
-0.008384723792052282
-0.009099767744064012
-0.009792979254868016
-0.010362280474024198
-0.010889886474662876
-0.011250476855168765
-0.011503234646750059
-0.011621399922774079
-0.01161181670508093
-0.011476581356337898
-0.011158165230154587
-0.010761520559296389
-0.010235978740745754
-0.00967739314501846
-0.00896316603573365
-0.008251700748175697
-0.007398009439932808
-0.006591333033844657
-0.005637004641521854
-0.00472253588310192
-0.0036937119189412275
-0.002782136193560955
-0.001778505578402922
-0.0008786077093288537
5.3584029280607175e-05
0.0008418474351126182
0.0016824729109221014
0.002422741703042139
0.003160657752645057
0.0037478842358083676
0.004327021871329254
0.004800037030206122
0.005245105649262176
0.005581833152730392
0.005891850029904916
0.006132045901084983
0.006325138306246139
0.006421449548834859
0.00642193890354528
-4782.0455837330355
0.1
0.1
-1.1945792796624216e-05
0.1
-0.019613941727147307
0.02056334865292423
-0.00011265380872218803
0.1
-0.01609244794870238
-0.01706404936948461
-0.000263252054330737
0.03448052786174087
0.0016528695265344514
-0.0018039264994879117
-0.0001021272226961671
0.1
-0.00761019367170662
-0.024406206545648
-0.0022735079769440497
-0.005947729572736525
0.00444552854401259
-0.0010406021200874752
-0.00023565667407485116
0.05347561731164354
0.0012956967965726098
-0.003227402876924779
-0.00011329672290450224
-0.0017016345230408219
0.0009107861203838374
-0.00012857703881884836
-7.184419321195929e-05
0.1
0.002383675641593929
0.006143734392743383
0.0002944735417551694
0.00221865844677883
-0.0002338705755756714
0.0005005452119137828
0.0001090001258177262
-0.005877630637657327
-0.0010813218318268814
-0.0004307116377290796
-0.00012609977904651034
-0.0019533640159870654
-0.0003493580784147773
-6.072847732883425e-05
9.325393439819462e-05
-0.012407907489600144
-2.6606772738898838e-05
-0.00020433845348910356
0.0003880433505252278
0.004197991222145585
0.00031711837414026816
0.0004865420407236883
0.00024127851448406406
0.00069565465292179
-4.440130315862781e-05
0.0005260562429020329
-0.00019629177537588955
-0.0013350528975067974
3.873872259497644e-05
0.00026403669654542165
7.031423878557587e-06
0.1
1.9138534792288828e-05
7.334075874140662e-05
-1.4660445273814042e-05
3.279578008432305e-05
-3.906105526547518e-05
8.500003700809526e-06
-7.71337847562691e-06
0.0003931425390181655
-6.509283275341408e-06
-1.2808205798113905e-05
3.726095026332734e-06
-0.00011485461529971803
1.2222868272390699e-06
2.962365719786679e-06
3.4114341734159476e-06
0.00013109545987159688
4.7793348302001764e-08
1.9238877169147492e-06
1.1875922349203257e-07
-4.127772096083321e-05
5.761996258042684e-06
4.2559999523905765e-06
4.252888305587697e-06
8.194390009130456e-06
-8.305293891772635e-06
-3.729197355083003e-05
-9.89290719139482e-06
3.589467475251448e-05
2.0007493599363477e-05
2.7391830330847572e-05
9.465752984809031e-06
-2.1694026981261666e-06
1.251023402944476e-07
-3.5375980364913247e-07
2.044091543791193e-08
-3.6629530496133083e-07
-7.050295952431678e-07
3.8143444257233896e-08
9.551026463619982e-11
-1.7750985644777626e-06
-6.798589851469863e-09
5.8565703438927766e-08
-5.768896701081622e-07
1.1118368234886333e-06
1.4816459578436195e-09
-2.2986147290519204e-07
-3.737247443764556e-08
2.774506427602745e-07
-6.371637581089198e-09
-8.156278727083645e-10
6.93263950334498e-08
-1.143946328293572e-07
-1.4220571788724984e-08
-1.8123338087964363e-08
-1.2822197551929349e-08
-2.7138786907917682e-08
-6.3605652512917495e-09
-1.6422479050723275e-08
-4.240867555793386e-09
2.092320973550597e-08
-8.255115161643437e-09
-1.304606328930049e-08
-7.707126652564358e-09
-3535.335416831733
0.1
0.1
-2.759240741735864e-06
0.1
0.00028606133787013356
-0.00015836946843675553
-1.2773454973616719e-06
0.1
1.3789206763263921e-05
0.0009385000177338606
3.558559579592243e-06
-0.003463061410254217
9.587365343170296e-07
-2.0996607195308397e-06
-6.474269910626069e-08
0.1
-4.594024483064722e-06
-1.9233716529607105e-05
-1.0200006187595716e-08
-1.9935572106404658e-05
2.2365273637099508e-07
-1.6690193519619855e-06
-2.2940341943128767e-08
