0.3121889832368266
0.3121889832368266
0.6735604245136009
0.7710363171136576
0.7996378273522129
0.756810077710361
0.6463787377847215
0.4782083075915529
0.2673209513578252
0.03255461562151195
-0.2051197278816954
-0.4244713330148206
-0.6059061818655896
-0.6059061818655896
-0.7950321779284264
-0.7858292585312151
-0.7064305540739526
-0.563928509926988
-0.3710524103376086
-0.14503130628295396
0.09394501567396062
0.3245295103392383
0.5261247506083957
0.6807228370509977
0.7745139787049611
0.7991200946123955
0.75234319586586
0.6383617200732411
0.4673572947450637
0.2546052334294949
0.01911005108711496
-0.21809217348333274
-0.435812876508091
-0.6146037089478582
-0.7384938185439566
-0.7964164743852113
-0.7831976122493995
-0.7000180429197848
-0.5543079342290224
-0.3590831489388823
-0.131782539159403
0.10728982106289225
0.3367783043658335
0.5361833867291849
0.5361833867291849
0.7777726819730931
0.7777726819730931
0.7777726819730931
0.7777726819730931
0.4563741733854299
0.24181756261522905
0.005660114909948125
-0.23100292963785493
-0.44703116755906447
-0.623127423870162
-0.743561559480669
-0.7975755618126296
-0.7803444940777228
-0.6934075700528713
-0.5445306048672315
-0.3470123347131031
-0.11849648140978473
0.12060433492845393
0.34893193264774675
0.5460904730855699
0.6944684079903198
0.780811559112432
0.7974071515862436
0.7427727499448954
0.6217886802340136
0.445262117335507
0.22896162635842676
-0.007791336348378287
-0.24384827899321093
-0.458122962981315
-0.458122962981315
-0.7484189848243137
-0.7985090541508127
-0.7772706293321834
-0.6866009169957245
-0.5345992058905324
-0.3348432739692842
-0.105176763491401
0.13388490319727728
0.36098705757050337
0.5558433330466496
0.7010478660393245
0.7010478660393245
0.7962125980906478
0.7376720869036705
0.6132375664625582
0.4340244039025406
0.4340244039025406
-0.02124033993990891
-0.2566243902021983
-0.46908490830453914
-0.6396435069947531
-0.7530645066086623
-0.7992164366538843
-0.7739766751630675
-0.6795998182314659
-0.5245162930101979
-0.32257909151413694
-0.09182679673968881
-0.09182679673968881
0.3729406275640899
0.5654396168324587
0.7074296645534904
0.7862272224063698
0.7947935121644609
0.7323635553344294
0.7323635553344294
0.4226646163032267
0.2030603618117083
0.2030603618117083
0.2030603618117083
-0.47991348981191156
-0.6476304596613397
-0.7574960825161906
-0.7574960825161906
-0.7704628987434045
-0.6724054376140902
-0.5142837821065841
-0.31022246232716283
-0.07844967162852612
0.1603309482605843
0.38479035568206976
0.5748778018976959
0.713612944442106
0.713612944442106
0.7931516314753744
0.7268497914202482
0.7268497914202482
0.41118731693705307
0.19002455595724482
-0.04811220042377416
-0.28195151247357547
-0.4906037555855457
-0.6554313227266244
-0.7617106295995856
-0.799948088508432
-0.7667282089726892
-0.7667282089726892
-0.503901725924282
-0.29777460624830293
-0.06504637379338185
0.17349302570105235
0.3965356098509059
0.5841576258517112
0.7195991295661016
0.7907633535932848
0.7907633535932848
0.721135895010631
0.721135895010631
0.3996006821934708
0.17694166407568024
-0.06152184818771045
-0.06152184818771045
-0.06152184818771045
-0.663037192083711
-0.663037192083711
-0.663037192083711
-0.7627661582823372
-0.6574308524980162
-0.49336740359546694
-0.28523163108303023
-0.05161145723975037
0.18662080441126713
0.4081813148924227
0.5932865714227135
0.7253980332581763
0.7927147071324354
0.7892232924324498
0.7152348697920129
0.5773650645862001
0.3879236921323284
0.16382800208899703
-0.07489223205548186
-0.30691839250339886
-0.5115240832051497
-0.6704326474714728
-0.7694504696124669
-0.7694504696124669
-0.758553939560701
-0.6496292270532221
-0.4826602251404579
-0.272570250449256
-0.038125723978136544
0.1997308854321728
0.1997308854321728
0.6022950776862185
0.731044609322572
0.7944868629169918
0.786982657148323
0.7684325305337634
0.6364778380193032
0.4481216093546673
0.21782922898457466
-0.036370621807756943
-0.2944722243988075
-0.5383316468738973
-0.7018252381066586
-0.818115999909542
-0.8654853863828489
-0.8341448157734871
-0.726161424633425
-0.5515354388284451
-0.3275429811135324
-0.07963570697051593
0.16928384194905954
0.4193449932949183
0.624058963517756
0.7722537851416028
0.8513773676289891
0.8550629418205912
0.7833700135856296
0.6416076492894125
0.4424622635847533
0.20205134492305782
-0.05469926835724593
-0.3067149965255047
-0.5316071446092985
-0.7091137376510314
-0.8232797643364664
-0.863681514853189
-0.8975595574102301
-0.7381834529381541
-0.5670517637466758
-0.34537523591491726
-0.09213044093231863
0.17098357217414903
0.4214116061101494
0.6385658164572124
0.7867719979141278
0.8706167195948261
0.8780820102220838
0.8780820102220838
0.6622784190230392
0.45816656109963305
0.21310513062956604
-0.049048246864170995
-0.3042850204949645
-0.5387884591579012
-0.7220281466294602
-0.8404904411036924
-0.8838487095971586
-0.8484867158037436
-0.8484867158037436
-0.5610140222956885
-0.3341208807599961
-0.07678000412558884
0.18679357586046227
0.4337416142336962
0.6420496645280831
0.7930489186478548
0.8732087911656209
0.8752750109531423
0.8820059235053493
0.6771728316825946
0.4754502037043658
0.23142859701600169
-0.03409173346092012
-0.2984819836526973
-0.5392676263453313
-0.7370438447567
-0.8550946282087766
-0.9035065323363564
-0.8729463590350454
-0.7638072097972026
-0.5855284875675268
-0.35419170446507814
-0.0911794058850148
0.1776894890060575
0.42748697675668557
0.6470037217773809
0.8048898323283821
0.890543331979559
0.8966151206806208
0.8228655099483336
0.6760605958217883
0.468861451207512
0.21964374138811182
-0.04989379961714462
-0.31423399969779614
-0.5505775830450499
-0.7378662983504508
-0.8593026515169279
-0.9039843749221484
-0.8678009091268911
-0.8036090919558583
-0.5883268964667396
-0.35849463245373137
-0.35849463245373137
0.17418428792084018
0.17418428792084018
0.650521192945067
0.8153328566381838
0.8989808609063901
0.9064180614791199
0.8338925002599196
