-1.372223746778635
-1.3666204859473032
-1.3742512481503986
-1.3785067908060886
-1.383472171094827
-1.3913383917020448
-1.3974415021458497
-1.402623608485371
-1.405707884682529
-1.4086407520626678
-1.4095903854380831
-1.4110503520279056
-1.4100798377554995
-1.4090907666452988
-1.4072378666304821
-1.4073272543003406
-1.4060887949670893
-1.4060234999477201
-1.4059169163981473
-1.4083832602639947
-1.4100947958079255
-1.4136739500997533
-1.4178003207865313
-1.4252709140956985
-1.431938906358359
-1.4403840524884393
-1.449110491530733
-1.4610115404058803
-1.472255251077861
-1.4857791137540661
-1.4998880242947472
-1.5176834946054825
-1.5341916506573436
-1.5522587676475936
-1.570014911594142
-1.5906238408217128
-1.6097731873459926
-1.6307168707826478
-1.6513850590155275
-1.6752889062802114
-1.6973988457541478
-1.721016989909073
-1.7439314751892148
-1.769517012016104
-1.7918877460952911
-1.813516479025712
-1.832899409147583
-1.8554757016155423
-1.8762222302881004
-1.8988447879859671
-1.920925926518962
-1.9465257458869223
-1.9705857835676874
-1.9969787595359878
-2.0228286264034074
-2.052480878193949
-2.0801269142326304
-2.1096848023458077
-2.138157092269706
-2.1702080074051935
-2.20044934671673
-2.2331915904226225
-2.265098156049944
-2.30105109674145
-2.334451558188339
-2.369569530413431
-2.402795554253722
-2.439234024435594
-2.4728195892492733
-2.508356163424325
-2.5418515401249144
-2.578835049574568
-2.6124841174142137
-2.6476849582217366
-2.6802075669630674
-2.7157720036247897
-2.7471642785647448
-2.777853380287729
-2.803221249227905
-2.832340632747498
-2.858717615426703
-2.8876603731996364
-2.9142537104825905
-2.9451003468382644
-2.972994974642355
-3.003811643088977
-3.0323247109116696
-3.0655996197486477
-3.0958221654986278
-3.1291740181984817
-3.1600086153562734
-3.1957326385121
-3.2287536831081343
-3.265675766300183
-3.3004450822304285
-3.3408508958906102
-3.3782569624527805
-3.4194553928726403
-3.457955505385753
-3.501750994820465
-3.542472368042918
-3.587285573387503
-3.6291825330579326
-3.6765491272023025
-3.7201936773390316
-3.767478640762394
-3.810996372384837
-3.8594568267466665
-3.903618297170613
-3.951045037996686
-3.992708277433659
-4.036599930415316
-4.078934070287467
-4.127108878589766
-4.171518287819194
-4.221893430536568
-4.268601960141792
-4.320140173271736
-4.367989595323203
-4.422228173625137
-4.472481859634938
-4.527877436850113
-4.579435692242878
-4.63755942022641
-4.691778665388534
-4.751826113371422
-4.808027899638305
-4.871241392805198
-4.929640509874418
-4.993606633989888
-5.053011640781649
-5.119233018703548
-5.180722702703373
-5.248330267319922
-5.311156188650495
-5.381189816593029
-5.446000738304011
-5.516880655339757
-5.582368732764806
-5.655123355047034
-5.72237183661104
-5.796024701556875
-5.863715580042236
-5.938137978671978
-6.004944817721017
-6.0786566812937695
-6.147178682128315
-6.224014817195244
-6.29505109848577
-6.373636424255775
-6.446189266931051
-6.527331384345385
-6.602196140191433
-6.684716413833016
-6.760771430701944
-6.8457346554021274
-6.924334648696184
-7.011224680280614
-7.091567431532076
-7.1814015031683045
-7.2643552432509
-7.355791732060984
-7.440082311838154
-7.534058447931314
-7.6209780791130175
-7.717073770667344
-7.805841324668553
-7.9048851825758355
-7.996410742840906
-8.0973363770118
-8.190318205281097
-8.2937821910891
-8.389325329380169
-8.49480173854222
-8.591849050658444
-8.699702062961551
-8.798621759694404
-8.907114996932094
-9.006193246420947
-9.116795741821685
-9.21892754744992
-9.33225491141334
-9.43658864739957
-9.55317982242934
-9.660670221453717
-9.779770264785457
-9.889284740412057
-10.011519866823056
-10.124381125150911
-10.249737202734481
-10.3652702720641
-10.494331694138344
-10.613363467762333
-10.745326841724658
0.87009431059569
-6.440008832426035
-6.509618669238944
-7.475931000446413
-7.573478497741339
-8.90565787312582
-8.999758439574494
-8.306760396601224
-8.413400607407159
-10.264685495288262
-10.379443882679759
-10.538638636122593
-10.660116568855964
-11.145956868691833
-11.271052678761416
-9.315403720969245
-9.430985438552305
-11.331088323441705
-11.460850595563395
-11.813610382790648
-11.95117562743585
-13.028989104852595
-13.177303115776073
-12.520869207896022
-12.665650831625662
-13.642148691138472
-13.798985786755551
-13.954305244148653
-14.114605652260522
-14.813158705292096
-14.983175122756153
-12.309571483765735
-12.45022732940099
-13.390295305486472
-13.545579210580625
-13.969481630204273
-14.130960954195599
-15.600015020366342
-15.778999956198895
-14.994564417528215
-15.16718379782786
-16.560694819037877
-16.751453076803553
-17.019331356511113
-17.215442098711605
-18.481053852135528
-18.693149026934133
-17.05111580462037
-17.245189863585477
-18.008796154982246
-18.216498422936468
-18.534841103773104
-18.747360933189864
-20.161700111488205
-20.392916609012207
-19.68509103146375
-19.909949864365593
-21.05962304150164
-21.301088229588693
-21.590652691956812
-21.8375562247881
-23.237414838346222
-23.503470761381926
-20.422902242582403
-20.653269021800263
-20.30502093939784
-20.53872311144131
-20.878709990603063
-21.117209988111906
-22.822793684720356
-23.084472336369938
-22.246288078363488
-22.5003665456721
-24.07715681099907
-24.35323042624554
-24.709435751404435
-24.99275805297867
-27.064886589789676
-27.37475449238009
-25.34373573583123
-25.632902563869713
-26.526283174935568
-26.831075405363684
-27.221229142215837
-27.533121727390306
-29.779738780478656
-30.121174318642375
-29.130134157773167
-29.46366239902944
-31.273649282105033
-31.632657359861643
-32.034868451019435
-32.402195645078834
-34.64468236857168
-35.04190657168937
-32.5110609083243
-32.88149776629006
-32.74222465668828
-33.11895127585988
-33.45524731970413
-33.83811142429989
-36.00320500692428
-36.416513901153294
-35.55042673432409
-35.957096716169026
-37.64834644017148
-38.08059259350384
-38.53597039918323
-38.977858364751356
-41.61960082529456
-42.09679764113958
-40.20598746514714
-40.66568982573852
-41.549299630279975
-42.02675208979763
-42.45705534719347
-42.94345143742978
-45.56972914241161
-46.09260053479451
-45.20759008366318
-45.72522709858252
-47.70722239354945
-48.25493205763247
-48.792564435842515
-49.351946910755245
-52.244330771479255
-52.84347712900073
-50.18242192264424
-50.75420979028313
-49.8275009509879
-50.400343307055145
-50.74374649541104
-51.32420066410226
-53.93837977308306
-54.55741574821114
-53.70767893372132
-54.32201631879706
-55.98997379578636
-56.63259839986193
-57.20451599374991
-57.86025086923971
-61.37490011528395
-62.078549690368796
-60.09300772928109
-60.78061864279974
-61.89009053192814
-62.60066117967424
-63.0727743808043
-63.79535768671083
-67.18909153803904
-67.95987342994168
-67.04641803785513
-67.81447733981173
-70.58580631734449
-71.39577241613188
-72.06619778908484
-72.89251727187055
-76.5972035788636
-77.47567201017871
-75.42285492146901
-76.28576235026853
-76.63543526246845
-77.51544923667889
-77.98801222717076
-78.88120179444456
-82.33933746717649
-83.28424448153578
-82.53411957065934
-83.47936789096335
-85.95127008377375
-86.93771101274159
-87.7784749176168
-88.78492625389137
-93.12489141940542
-94.19306482225103
-92.35512765286056
-93.41333115132048
-95.37432522144258
-96.46902464348311
-97.14766196126627
-98.2611049706793
-102.42951203489352
-103.60488705205726
-102.97394845337217
-104.15411026510519
-107.59061254287315
-108.82528481629616
-109.81998522950458
-111.07932246124754
-115.70583131476099
-117.03327775421022
-115.37991269224231
-116.7010071964938
-117.4087036592409
-118.7564122357301
-119.39554851688303
-120.76341072930667
-124.76783426409507
-126.19976425602506
-125.85110486253683
-127.29297423747404
-129.76855730128912
-131.2579119901189
-132.45849492050158
-133.97726566959798
-139.35210976400933
