-1.4523793121257187
-1.4523793121257187
-1.522763663856873
-1.5491655150280317
-1.5693987099794036
-1.5832931865530104
-1.5907296337326726
-1.5916404524315881
-1.5860103066310285
-1.5738762526032164
-1.555327436322755
-1.5305043764562625
-1.4995978284380476
-1.4628472376529817
-1.4205388138032715
-1.3730032024992218
-1.3206128271009487
-1.2637788634900662
-1.202947920978654
-1.1385984298256118
-1.071236768278413
-1.0013931657839725
-0.929617416931525
-0.8564744330705338
-0.7825396699444935
-0.7083944710333704
-0.6346213755300676
-0.5617993952633873
-0.4904993363790688
-0.4212791818259083
-0.3546795742875928
-0.2912194503408212
-0.2313918448991245
-0.17565989618343322
-0.12445310688513912
-0.07816387378081166
-0.07816387378081166
-0.0017034006271019807
0.027895491104961104
0.051436755722347065
0.06875427547678375
0.07973276833909806
0.08430871284394234
0.08247086204479495
0.07426032675843126
0.0597702489109045
0.03914502486101983
0.012579155632302377
-0.019684358404419924
-0.0573559669041518
-0.10010192749847982
-0.1475470125113419
-0.1992775428730745
-0.254844740298499
-0.31376837436926436
-0.3755406389232953
-0.43963027515713743
-0.5054868695467417
-0.572545319241491
-0.640230405286705
-0.7079614518314729
-0.7751570246647387
-0.8412396550074875
-0.8412396550074875
-0.9678039630791396
-1.0271922027217586
-1.083289465525559
-1.135606285653852
-1.1836834367618936
-1.2270956517256415
-1.2654550766257564
-1.2984144003678242
-1.2984144003678242
-1.3469627758805305
-1.3620834979418777
-1.3708712533494773
-1.3732163781086573
-1.3690610137470478
-1.358399591555944
-1.3412788590655458
-1.3177975452535542
-1.2881055204773468
-1.2524026110464743
-1.2524026110464743
-1.1640031257977348
-1.1119394781046223
-1.0551256858933071
-0.9939795336546005
-0.9289535638242832
-0.8605314079621279
-0.7892238936056379
-0.7155648934635093
-0.6401070163375917
-0.5634171247945404
-0.48607176262358626
-0.4086524728291715
-0.33174114318122366
-0.33174114318122366
-0.18174317180003072
-0.10977969678050507
-0.04056142136815902
0.025397545073129264
0.08760973051101724
0.14561825994292793
0.19900053897229775
0.2473716886456778
0.2903876318695123
0.2903876318695123
0.35919805234137037
0.38453173465319496
0.4035923460048008
0.4035923460048008
0.4225239088121982
0.422339695618504
0.415772547944896
0.4029252165183617
0.3839514985349629
0.35905500414401187
0.32848748765317953
0.29254681806265886
0.29254681806265886
0.20595322986698472
0.15610314793775476
0.10247908573432313
0.04556655834453027
-0.01412209850613101
-0.01412209850613101
-0.13966943279039098
-0.2044076006872464
-0.2696899266209213
-0.33493539295520486
-0.3995631004065306
-0.4629969779579423
-0.524670427676753
-0.5840309334281134
-0.6405445225410635
-0.6937000888235256
-0.743013518459695
-0.7880316392278041
-0.828335848770832
-0.828335848770832
-0.8933211168414023
-0.9173668452480659
-0.9354331268830761
-0.9354331268830761
-0.9528719813820995
-0.9519926772136479
-0.9446322757634426
-0.9307945997376409
-0.9105357072687681
