0.0
0.30831900468748047
0.4725438253329117
0.610622110100049
0.7335333653361004
0.8452754832829831
0.947687665668783
1.0416921564788881
1.1277542873521
1.2060912671981008
1.2767806450156158
1.3398224833376229
1.3951777876121878
1.4427936986231096
1.4826207754197724
1.5146252559667288
1.5387979473271303
1.555160734230438
1.5637713216580793
1.5647266085131197
1.5581649572210292
1.5442675420064398
1.5232589065667625
1.4954068284213067
1.4610215655403085
1.4204545467935812
1.374096558696894
1.322375475201717
1.2657535737706556
1.204724478968714
1.139809773774073
1.0715553184190607
1.0005273165623787
0.9273081687874374
0.8524921536873844
0.7766809770383226
0.7004792297064686
0.6244897949294685
0.5493092454176152
0.4755232703092016
0.40370217136623837
0.3343964668999473
0.2681326407634061
0.2054090723400618
0.14669218179452478
0.09241282294281748
0.04296295395319767
-0.0013073862811759263
-0.040092770834354766
-0.07313472400907531
-0.10022368761008744
-0.12120059775778334
-0.13595805898122873
-0.14444110564027463
-0.1466475441112931
-0.14262787260367588
-0.132484778927563
-0.1163722199800099
-0.0944940901295877
-0.06710248903107718
-0.03449560266571821
0.0029847854476475534
0.04495613291453707
0.09099830419644395
0.14065703794740295
0.1934476880369962
0.24885920811466133
0.3063583475886663
0.36539402517255204
0.42540184470614495
0.48580871679897
0.5460375489803236
0.6055119664794115
0.663661025505172
0.7199238809508071
0.7737543708120591
0.8246254802779167
0.8720336494223228
0.9155028896875859
0.9545886758944357
0.9888815823274127
1.018010633512841
1.0416463426132985
1.059503412888487
1.0713430803973194
1.0769750790177988
1.0762592119163281
1.069106516781762
1.0554800154259851
1.035395041715464
1.0089191452098438
0.9761715713166546
0.9373223221976805
0.8925908060548858
0.8422440857544251
0.7865947409893123
0.7259983613084431
0.6608506903266327
0.5915844442528958
0.5186658305095186
0.442590794641287
0.36388102591275095
0.2830797539439837
0.20074737042601873
0.11745691137233538
0.03378943649108277
-0.04967065690519519
-0.13234034750620013
-0.21364269295860794
-0.29301148408731764
-0.36989581269666505
-0.4437645159649802
-0.5141104614453265
-0.5804546379757985
-0.6423500193743292
-0.6993851696324851
-0.7511875604155488
-0.7974265740053335
-0.8378161673686304
-0.8721171757776084
-0.9001392373264103
-0.9217423227571553
-0.9368378582037029
-0.9453894317568962
-0.9474130781240752
-0.9429771390709981
-0.9322017007683945
-0.9152576125903714
-0.8923650953000449
-0.8637919498817115
-0.8298513815116402
-0.7908994562750506
-0.7473322112097482
-0.6995824410632528
-0.6481161877672603
-0.5934289610398059
-0.5360417207020818
-0.4764966532257643
-0.41535277669252885
-0.3531814097364385
-0.2905615411410483
-0.22807513756737016
-0.1663024273897175
-0.10581719881003684
-0.047182150305805505
0.009055668956881613
0.062369291841532754
0.11225610321416327
0.15824191261143886
0.19988479664166078
0.2367786800199804
0.2685566262547589
0.2948938113521766
0.3155101564718811
0.330172598227053
0.33869697825526157
0.3409495367682306
0.3368479979941805
0.3263622387297589
0.3095145345930459
0.28637938198735624
0.2570828972199234
0.22180179764220959
0.1807619730618759
0.13423665899292195
0.08254422653341242
0.026045606763335005
-0.03485862948651502
-0.09973151285415663
-0.16810321141593856
-0.23947483278144804
-0.3133224615352791
-0.3891013993421051
-0.4662505733910786
-0.5441970774930566
-0.6223608090703469
-0.700159164502592
-0.7770117548200353
-0.8523451035707515
-0.9255972888328095
-0.9962224917944135
-1.0636954150814844
-1.1275155350664459
-1.1872111537359058
-1.2423432173173896
-1.2925088707533687
-1.3373447192489711
-1.3765297704909534
-1.4097880337203446
-1.4368907546187981
-1.4576582679166834
-1.471961452725283
-1.4797227788113059
-1.4809169353430567
-1.4755710370173338
-1.4637644058970778
-1.4456279307242157
-1.4213430088923378
-1.3911400796420264
-1.3552967603505661
-1.3141356010005207
-1.2680214750023868
-1.2173586274900796
-1.1625874049806242
-1.1041806928686952
-1.0426400895915404
-0.978491848431445
-0.9122826198037471
-0.8445750284933986
-0.7759431216391587
-0.7069677243106751
-0.6382317402718054
-0.5703154359671986
-0.503791745904961
-0.4392216374351294
-0.3771495724428012
-0.3180991026904117
-0.2625686344617845
-0.21102739679017654
-0.16391164590468935
-0.12162113661727272
-0.08451588921188719
-0.05291327800540016
-0.027085465146044464
-0.007257200420752153
0.006395995120008102
0.013749247018037637
0.014729335267841216
0.009315284024371451
-0.00246147161449386
-0.020517343099949327
-0.04471726811365189
-0.07487580693600648
-0.1107586466259833
-0.15208450083604835
-0.1985273898833583
-0.2497192826203472
-0.30525307871926544
-0.36468590722976135
-0.4275427147084778
-0.4933201138757721
-0.5614904616457607
-0.6315061335192669
-0.7028039597398066
-0.7748097873032986
-0.8469431308935671
-0.9186218750958072
-0.9892669898251776
-1.0583072208007185
-1.1251837170967525
-1.1893545583133533
-1.2502991447199208
-1.3075224148351323
-1.360558856303369
-1.408976277600848
-1.4523793100407518
-1.490412611729679
-1.5227637475403595
-1.5491657217880777
-1.5693991431094312
-1.5832940040192565
-1.5907310607405158
-1.5916428021375797
-1.5860139999093534
-1.57388183558821
-1.5553356033162653
-1.5305159908044126
-1.4996139442939644
-1.4628691267080534
-1.420567981472906
-1.3730414176810002
-1.3206621353332162
-1.2638416123104694
-1.2030267774634618
-1.1386963967499573
-1.0713572016716708
-1.0015397913489046
-0.9297943414033224
-0.8566861543830617
-0.7827910877470751
-0.7086908964166087
-0.6349685275933701
-0.5622034059302564
-0.49096674721862466
-0.4218169385253061
-0.3552950221746063
-0.2919203201300462
-0.23218623419409257
-0.17655625602095715
-0.12546021923926273
-0.07929082402152972
-0.03840046223219318
-0.0030983688527777
0.026351877258203163
0.04973448304070765
0.06688318410559253
0.07768258669652539
0.08206909787912738
0.0800314364281804
0.07161072027777458
0.05690012982681374
0.036044149825522
0.00923739597979889
-0.0232769642282344
-0.06120918372050213
-0.1042252850399434
-0.15194976758810397
-0.20396865096928318
-0.25983282980655187
-0.3190617128737057
-0.38114711708588345
-0.44555738482854806
-0.5117416912967594
-0.579134506978627
-0.647160179160956
-0.7152375953717776
-0.782784891011116
-0.849224163063722
-0.9139861517382718
-0.9765148521371096
-1.03627201862706
-1.0927415254503074
-1.1454335482780555
-1.1938885328590183
-1.237680918638246
-1.2764225872051114
-1.3097660076567044
-1.3374070534162215
-1.3590874677053288
-1.3745969577134909
-1.3837749005127742
-1.3865116469093715
-1.3827494126776163
-1.3724827499622076
-1.3557585950327131
-1.3326758920036383
-1.3033847955657294
-1.268085459181879
-1.2270264185564863
-1.1805025834631804
-1.1288528541859928
-1.072457381867651
-1.0117344949410305
-0.9471373165227903
-0.8791501001496306
-0.8082843135175897
-0.7350745019245487
-0.6600739648993166
-0.5838502810128848
-0.5069807170962511
-0.43004755902497954
-0.3536334018654914
-0.278316437507032
-0.20466577792367913
-0.13323685192223308
-0.06456691263711348
0.0008293078631184337
0.06246376168379486
0.11987903222835304
0.17265203338879076
0.22039743085913202
0.2627707578781024
0.2994712001806577
0.330244027615478
0.3548826527458013
0.37323029977018973
0.38518127025421345
0.3906817954276305
0.3897304681481619
0.38237825103542217
0.3687280607092254
0.3489339314977481
0.32319976538499545
0.2917776783162652
0.25496595624751944
0.21310663748360517
0.1665827408752171
0.11581516231108369
0.06125926462697584
0.003401188534578603
-0.0572460855682945
-0.12014689302832077
-0.18474722397184462
-0.2504792108219608
-0.31676572797324004
-0.3830250663917055
-0.4486756453013421
-0.5131407228182384
-0.5758530674018059
-0.6362595523099404
-0.6938256358680128
-0.7480396912859756
-0.798417150975763
-0.8445044318224938
-0.8858826096363401
-0.9221708130419387
-0.9530293093333997
-0.9781622573163452
-0.9973201048539022
-1.010301611709673
-1.0169554813136243
-1.017181588242509
-1.0109317914789053
-0.9982103268658863
-0.9790737755805555
-0.9536306088816201
-0.9220403128160408
-0.8845120999697909
-0.8413032186905394
-0.7927168734682206
-0.7390997733070817
-0.6808393279339537
-0.6183605145380711
-0.5521224404048052
-0.4826146292670457
-0.4103530614345785
-0.3358759997547206
-0.25973963519102833
-0.1825135872672297
-0.10477629579800535
-0.027110341208541847
0.04990226867737649
0.1256848072295513
0.19967049486982794
0.2713070844290625
0.34006132888613183
0.40542329532478255
0.4669104901889052
0.5240717624440902
0.576490953051334
0.6237902612120053
0.6656333001359425
0.7017278175976384
0.731828059258891
0.7557367556279151
0.7733067165714047
0.7844420204727188
0.7890987884104921
0.7872855370910624
0.7790631076778817
0.7645441710939955
0.7438923138019325
0.7173207114611766
0.6850904011993524
0.6475081664822545
0.6049240517037162
0.5577285266135432
0.5063493235361286
0.45124797298098634
0.392916065687802
0.3318712713629992
0.26865314633427556
0.20381876405817315
0.13793820384968103
0.07158993435048625
0.00535612910451736
-0.0601820478409852
-0.12444914814803819
-0.1868800991195451
-0.24692477963002024
-0.3040524750154065
-0.35775617486175365
-0.40755667890416947
-0.4530064778007291
-0.4936933773683178
-0.5292438369439137
-0.5593259948488617
-0.5836523564664371
-0.6019821231739869
-0.6141231432780483
-0.6199334691605651
-0.619322508031845
-0.6122517569754798
-0.5987351163354081
-0.5788387789084192
-0.5526806958390635
-0.5204296235403295
-0.48230375935484093
-0.43856897700029895
-0.3895366760824309
-0.33556126308267953
-0.2770372842108774
-0.2143962333311706
-0.14810306079956612
-0.07865241147246499
-0.0065646223377838105
0.067618487833993
0.14333800273799277
0.22002243119387976
0.2970923316066894
0.37396500079666684
0.45005918924420163
0.5247998045821064
0.597622565262629
0.6679785667298971
0.7353387231367297
0.7991980486521468
0.8590797437043545
0.914539053082938
0.9651668646706956
1.0105930196750048
1.0504893075639214
1.0845721214643487
1.1126047525280425
1.1343993046935819
1.1498182143451656
1.1587753625672705
1.1612367709919436
1.1572208756061417
1.146798376302725
1.130091663392885
1.1072738257220949
1.0785672484183562
1.0442418116233063
1.0046127047865587
0.9600378742155137
0.9109151245414939
0.8576788975644413
0.800796754549896
0.7407655904523667
0.6781076107091677
0.6133661031706463
0.5471010393910226
0.4798845408852949
0.41229624705071183
0.3449186222472814
0.2783322400242777
0.2131110826646804
0.1498178940955199
0.08899962378008884
0.03118299847156667
-0.023129742327409542
-0.07346491267979438
-0.11938121538892857
-0.16047331498916267
-0.19637511963066479
-0.22676274529312554
-0.25135713833447637
-0.26992633514635517
-0.2822873406255035
-0.28830761025579543
-0.2879061238041718
-0.2810540419394606
-0.26777494045910155
-0.24814462022787076
-0.22229049436709564
-0.19039055765483806
-0.1526719464793004
-0.10940910100202057
-0.06092154440732234
-0.007571297214014994
0.05024005242067649
0.11207459869037076
0.1774616621148009
0.24590159881420096
0.316869844248483
0.3898211586889594
0.4641940400574517
0.5394152684128721
0.6149045452997174
0.6900791904050743
0.764358857506837
0.8371702315396852
0.9079516687582185
0.9761577424372423
1.0412636573138287
1.1027694970382604
1.1602042702526696
1.213129722546208
1.2611438834306943
1.3038843196255823
1.3410310683183795
1.3723092266570802
1.3974911765138442
1.4163984265114462
1.4289030564020933
1.4349287521070044
1.4344514230385261
1.4274993967078193
1.4141531890427896
1.394544852275403
1.3688569056768776
1.3373208577959037
1.300215332161641
1.257863811623002
1.2106320195827025
1.1589249593237139
1.1031836353933464
1.043881483583785
0.981520538406667
0.9166273690841703
0.8497488169528133
0.7814475687836577
0.7122976018507665
0.6428795376179257
0.5737759416533182
0.5055666078171047
0.4388238648941634
0.3741079436625689
0.3119624418991745
0.2529099240309271
0.19744769105062804
0.1460437549376601
0.09913305016882
0.05711391298526012
0.02034485691418624
-0.010858329354086661
-0.03622513824243443
-0.055532533024764776
-0.06860675330053878
-0.07532472159154296
-0.07561503967521972
-0.06945856658974262
-0.05688857363220965
-0.037990475095358446
-0.012901136922414836
0.01819223112376225
0.05505359080981656
0.09739998603321959
0.1449038332103104
0.197195572911377
0.2538666612789826
0.31447287701535487
0.37853791717026464
0.44555725262312235
0.5150022120509149
0.5863242613241163
0.6589594436908099
0.7323329448077579
0.8058637456665647
0.8789693257516253
0.9510703783599359
1.021595499914405
1.089985815312812
1.1556995018723224
1.2182161752502907
1.277041101839318
1.3317092035391456
1.3817888224885717
1.4268852152835998
1.4666437483976982
1.5007527689387037
1.528946127504843
1.5510053327185382
1.5667613199979595
1.5760958202489175
1.5789423173981183
1.5752865870169552
1.5651668116758808
1.5486732720955723
1.525947616594833
1.4971817147486648
1.4626161045355666
1.422538045543635
1.3772791939938087
1.3272129183998176
1.2727512775932714
1.2143416855753197
1.1524632901913143
1.0876230949413657
1.0203518553188855
0.951199782894303
0.8807320919173389
0.8095244244859876
0.7381581913132715
0.6672158658060588
0.5972762695481293
0.5289098873492676
0.4626742497828312
0.3991094205879561
0.33873362546373254
0.28203905763818
0.22948789416394516
0.18150855518690323
0.13849223646710326
0.10078974321963506
0.0687086509039606
0.04251081594375164
0.022410256526755126
0.00857142063857852
0.001107855349813125
8.12881279523836e-05
0.005501127610413459
0.017324387879630445
0.03545603685313372
0.059749765968516666
0.09000917493300778
0.12598936194760926
0.16739890653363593
0.2139022289115573
0.26512230683402616
0.3206437278815563
0.3800160525138968
0.44275746065472427
0.5083586522922124
0.57628697052189
0.6459907136576364
0.7169036015062445
0.7884493596530997
0.8600463846512743
0.9311124523514691
1.0010694312610215
1.0693479627794962
1.1353920704264884
1.1986636607520562
1.2586468794969587
1.3148522877415803
1.3668208242395181
1.4141275218625495
1.456384948074049
1.493246341581787
1.5244084197803265
1.5496138342580408
1.5686532544925282
1.5813670628678402
1.5876466472931086
1.5874352809593906
1.5807285821134647
1.5675745501268905
1.5480731775683274
1.5223756414191676
1.490683079979178
1.4532449653624924
1.4103570847577995
1.362359146793449
1.3096320323827932
1.2525947123028591
1.1917008564570655
1.1274351622683965
1.0603094319229367
0.9908584302166109
0.9196355565338976
0.8472083659917916
0.7741539760032328
0.7010543954416858
0.6284918142150817
0.5570438913777751
0.48727907992102815
0.41975202608562284
0.3549990804369829
0.29353395703853036
0.23584357586020524
0.18238412207587615
0.13357735414776004
0.0898071905821511
0.05141660298504443
0.01870484056688193
-0.008074991437268243
-0.028717979830578156
-0.04306906142228959
-0.051024277480072926
-0.05253161451273032
-0.04759142457754617
-0.036256421710121244
-0.01863125450562153
0.005128341688756866
0.03481680610748379
0.07018041721658745
0.11091934720516435
0.1566900896883069
0.20710824097029903
0.261751612355012
0.32016364831076916
0.38185712282118733
0.44631808400173445
0.5130100150521255
0.5813781778635635
0.6508541041213098
0.7208601975491677
0.7908144100428327
0.8601349538409384
0.9282450115909552
0.994577406184109
1.0585791925591563
1.1197161343064665
1.177477028836364
1.231377846101465
1.2809656473719586
1.3258222523431376
1.3655676248916142
1.399862950074087
1.428413377461735
1.4509704086042146
1.4673339092978066
1.4773537303693152
1.4809309238561963
1.4780185447384753
1.4686220317327738
1.4527991640660662
1.430659594579037
1.4023639629383107
1.3681225961356611
1.3281938067930348
1.2828818030477642
1.2325342269364676
1.1775393412032287
1.1183228873035063
1.0553446400367457
0.9890946866962921
0.9200894608551384
0.8488675628921277
0.7759854010894728
0.7020126885848545
0.6275278326281376
0.5531132534645019
0.4793506707354114
0.40681639555178584
0.33607666634782124
0.2676830662695197
0.20216805919200118
0.1400406804994357
0.08178241750869626
0.027843312882745955
-0.02136167742519799
-0.06545604221602518
-0.10410476189582277
-0.13701701947089884
-0.16394855374250863
-0.1847036356533093
-0.19913665178796008
-0.20715328221018992
-0.208711263102326
-0.20382072803409398
-0.19254412509830018
-0.17499571058417526
-0.15134062328687758
-0.12179354694622582
-0.08661697164160859
-0.046119068216295835
-0.0006511929367393421
0.04939495741452076
0.10359051698409667
0.16147292315975462
0.22254966164241183
0.28630225396347964
0.3521904551704344
0.41965662770230133
0.48813025605051624
0.5570325656610812
0.6257812086901363
0.6937949786838978
0.7604985160198097
0.8253269660205433
0.8877305520355354
0.9471790264731056
1.0031659637540715
1.055212860437402
1.1028730093292631
1.1457351162163398
1.1834266299476282
1.2156167589092197
1.2420191494751014
1.2623942047531345
1.2765510248570195
1.2843489529986285
1.2856987148857941
1.2805631422026238
1.2689574743161005
1.2509492357667484
1.2266576905350284
1.1962528775008736
1.15995423490387
1.118028824938398
1.070789172854802
1.0185907380580237
0.9618290376739737
0.9009364458669866
0.836378694816397
0.7686511056751558
0.6982745800191279
0.6257913842343683
0.5517607609658087
0.47675440315058193
0.4013518272715903
0.3261356832826107
0.25168703916893
0.17858067831275015
0.10738044772897988
0.03863469482526898
-0.02712817037644735
-0.08940395163514339
-0.1477167468872659
-0.20162279961573112
-0.25071409001637684
-0.2946216368930449
-0.33301848355401786
-0.36562234354039286
-0.39219788477046896
-0.4125586336110738
-0.42656848346329784
-0.4341427956513341
-0.43524908370327603
-0.4299072754849418
-0.4181895510649062
-0.40021975762315726
-0.3761724061394382
-0.3462712579826268
-0.31078751284208384
-0.2700376126688235
-0.22438067940260686
-0.17421560722537344
-0.11997783287788316
-0.062135810182371465
-0.001187217308324362
0.06234507251819417
0.12791722424640636
0.19496884390783745
0.26292751555896715
0.33121343553508886
0.39924410650320796
0.4664390533178157
0.5322245225068528
0.5960381273477069
0.6573334009334988
0.7155842203746972
0.7702890663241799
0.8209750833468896
0.8672019082672251
0.9085652355055033
0.9447000905437204
0.9752837850234173
1.0000385295555005
1.0187336830925309
1.0311876206558244
1.037269204299001
1.0368988454011718
1.0300491496910016
1.0167451397804623
0.997064053406948
0.9711347190168719
0.9391365137451079
0.9012979122249197
0.8578946379750676
0.8092474323277579
0.7557194589568856
0.6977133650157183
0.6356680226726974
0.5700549774211329
0.5013746319120105
0.43015219620002915
0.3569334371837209
0.2822802616459132
0.20676616864779832
0.13097160808730512
0.055479282992089374
-0.019130566427125118
-0.09228485878947412
-0.1634223096111349
-0.2319979738837623
-0.2974876563941649
-0.35939215408571895
-0.4172412961216161
-0.4705977489475135
-0.5190605555534031
-0.5622683802860208
-0.5999024329465672
-0.6316890485045557
-0.657401901546198
-0.6768638375324186
-0.6899483060433398
-0.6965803844077799
-0.6967373834319931
-0.6904490303245545
-0.677797227336723
-0.6589153880719656
-0.6339873568369454
-0.6032459197813127
-0.5669709198779471
-0.5254869910020175
-0.47916092945044436
-0.4283987241780929
-0.3736422697895719
-0.31536578889343997
-0.25407199277820014
-0.19028801148765348
-0.12456112623972156
-0.05745433873288319
0.010458186795411495
0.0785957718639111
0.14637592477051242
0.2132190562904115
0.27855317187805095
0.34181850239168465
0.4024720358569721
0.45999191358709385
0.5138816550748389
0.5636741774581034
0.6089355770231192
0.6492686421358717
0.6843160691661728
0.7137633553729719
0.7373413453343283
0.7548284103098862
0.766052242894907
0.7708912524389857
0.7692755499341397
0.7611875144001079
0.7466619361821661
0.7257857360015723
0.6986972620327636
