-0.8298454600373112
-0.7757378811224241
-0.723541740054741
-0.6730498525195293
-0.6219934387834842
-0.5721698238603369
-0.524211533318478
-0.4782568747101472
-0.4328101772444729
-0.38976949396775784
-0.3485914155331085
-0.30939967041426425
-0.2720483194607203
-0.2368791854700057
-0.2032249246422993
-0.17100635607921455
-0.13938427570127981
-0.10957281492316848
-0.08139931242528756
-0.05502741679111972
-0.030544020919565432
-0.008186437370837168
0.011763144763716432
0.029021790537397518
0.04286499672759093
0.05404539460376565
0.06213359446590914
0.06738713886363032
0.06985075188872239
0.07018150139574632
0.06845989360960679
0.06493501578182476
0.053262860749744
0.04346968279598265
0.033528589300678355
0.02408872097191849
0.015369160507633501
0.007972764611608745
0.002238858735073967
-0.0019674012946453837
-0.004654716704287769
-0.00628487764900421
-0.006934067352007272
-0.006836615295002461
-0.006123924708072324
-0.005016193043687188
-0.003706335361347934
-0.0025203957196546236
-0.0016689973361865037
-0.001015396372785324
-0.0005805834373000737
-0.00033970464838091084
-0.00029410384913517297
-0.00029335685078778196
-0.00011935702155273394
0.0003937999457753496
0.001423438223062457
0.002714303251555195
0.004354718628391419
0.006246164383553428
0.008334873834527738
0.010503274033279662
0.012668547983752427
0.014705329430947295
0.015087670945366054
0.015806090626905835
0.01623692327762629
0.016417250660545293
0.016289337262665897
0.015963196470022225
0.015479963101489662
0.014899003823605959
0.014140697176064013
0.013358750830872481
0.012491564039749133
0.011583523714491692
0.010632653434692172
0.009711394689626703
0.008840291288475258
0.008017469004120273
0.007224491116419448
0.0065229131644964425
0.005888333578874741
0.005313557799976235
0.004766950390242497
0.0042500957335929014
0.0037526233486320565
0.0032769321540487718
0.0028229767429069096
0.00241525757536782
0.0020563425062422483
0.0017359925692572466
0.0014483445620803877
0.001197459166814929
0.0009785330169156034
0.0008118714601690673
0.0006644722032213207
0.0005907743426111616
0.00057141448827591
0.0005876597364823233
