0.012143789558894058
-0.8499401887606327
-0.849941299846019
-0.9668999688986437
-0.9669000598748378
-0.9452061979231956
-0.9452074718722171
-1.2985393754665273
-1.298539925151279
-1.0575487498597207
-1.0575501890868062
-1.2307843132745386
-1.2307857772907727
-1.2562188404778647
-1.2562206125577022
-1.654988217676855
-1.654989888722085
-1.276893292450863
-1.2768951106286246
-1.601107430600926
-1.6011095550752932
-1.6997538714887495
-1.6997563829926838
-2.421040617271621
-2.4210437164769867
-1.9556659729677859
-1.9556688968725022
-2.673473379478006
-2.673477277828348
-2.998692655190685
-2.9986972811467423
-5.558415257848179
-5.558423617422648
-5.312197767184461
-5.31220604195839
-10.694277035398196
-10.694293746924693
-14335.901300452098
0.08337733984182161
0.11218422235672698
0.014631310489257976
0.3737259013207551
0.0303064286471596
0.05110055748162656
-0.01667998387177888
0.14842730078825606
-0.09569263532078062
-0.058459244244169345
-0.0052592129936837595
0.34429158680417593
-0.010162573889936521
-0.039239719627725905
-0.00040931828234785916
0.8792799724371766
-0.08999785364361987
-0.10208539914552156
0.04473810881256399
0.10968852334793522
0.0016283667350261988
0.041945598384816596
-0.03418423469582649
0.5182164422929415
-0.07142436729366519
-0.08335867673355007
-0.007443860870171376
0.015266799021788346
0.05785617989371919
-0.03721949140576586
-0.0005854638253952882
0.7893085511546123
0.03131616017427674
-0.10644745453611365
-0.0064916031295809
-0.00847327371459411
0.05449175512122162
-0.08763415263478647
-0.016323544748415825
0.2066712523244036
0.0006967822984708938
-0.048386966143862536
0.019271548121559484
-0.00699000156462215
-0.011996370197127848
-0.03204791289565867
-0.008302459475217072
0.38481691804357354
0.031019037065537547
-0.085918835205576
-0.009223248568908438
0.3180321951329801
-0.03767293401151667
-0.11237087610855928
-0.02383332618367326
0.26184093334821734
-0.028760040096475023
-0.0816501586101568
0.008344760426787334
-0.00011840334046275824
0.016823284566531066
-0.020423213959265385
0.043338965012959876
0.04780014492316009
-0.0020931189189621596
-0.0029570786742712032
-0.0017321894309047531
0.0003149220448364909
0.00035506063226100476
-0.0002722865004676396
-0.00022460629192395812
-5.39197209035178e-05
0.0009948605815329192
-0.00041722115720742216
-0.00037841269471498764
-0.0003394889370388586
-0.00021852223672736391
-8.880216498548428e-05
0.0016370753599305732
0.0009755874595368252
-0.001037959927540166
-0.001052549420967727
-0.0008247890667517632
-3.672969238090705e-05
0.0015218639513468052
-0.0004197236376416377
-0.00039142122353000297
8.496664702864129e-06
-7.493671910017985e-05
-0.00014131477953684482
-3.985591824136672e-05
-2.6445727701098973e-05
-0.00012517614938366978
-3.148095751910433e-05
-0.00018356769055065565
2.4676004443453803e-05
-0.0007975671865870365
-0.00018117433454268791
1.360883464498943e-05
6.9300804996282744e-06
-2.6755697653800883e-05
3.757690926961413e-05
2.037195518443148e-05
-2.2906245745936676e-05
8.389890596812583e-06
-0.00014588169886018028
-3.2381338138617096e-06
0.00046593293427635296
9.578838455696903e-06
1.221366052429982e-05
-6.147755362375523e-05
0.0001721507330690146
3.792461773813316e-05
1.0367432181476862e-05
-0.00017308946259960573
2.0070637245108314e-05
-1.7486069382595306e-05
3.982545348556817e-06
1.9109584898482955e-06
-1.0883294676017092e-05
4.695660565065714e-05
1.0312358145474925e-06
4.166108670568096e-06
4.3717515746459186e-07
-8.272519830710302e-08
-2.682740660191516e-08
-1.6701909068116765e-07
9.869282270357629e-06
-5.901872224598045e-07
-5642.406807480938
0.11728295633819974
0.123890450930221
-2.327334723579088e-06
0.11934083026444942
-0.00012147680303591828
4.1001698170301665e-05
-2.206157696059267e-06
0.5110574145843901
-2.9669783588462254e-05
0.001045513138961951
-5.867288391673544e-05
0.24087363726730532
-1.88754408900286e-05
0.007676514240354423
-6.813528750563777e-06
0.15393924424354988
-4.260407696777494e-05
0.01173381992761185
0.0001757935678464483
-0.19702920729919554
1.2887182150010407e-05
-0.003935797840349881
-5.8190331899083775e-05
0.27496534793631155
-2.5404113173320138e-05
-0.002648033835542887
-1.8681388906341206e-05
0.0015944144677929387
-9.966186815664344e-06
-0.002745535216029917
-3.3461640596229854e-05
0.5473861744992068
-7.655738964465258e-05
0.01979687097260568
-0.00018469366120647194
0.05962847818331843
-8.082195615634346e-05
0.008292384661144531
-5.730209863434707e-05
0.004063117075004018
6.025936222685258e-06
0.002222566838484075
-9.535359326084725e-06
0.026381711940089182
8.052359479860277e-06
0.004188171867158837
-1.1765487347211557e-05
0.08752111508985971
1.9064857106169085e-05
-0.00027796479808090205
4.122346442577481e-05
0.0011527400798701307
-1.2481180172525287e-05
-5.951082886204977e-06
6.156973190222094e-06
-0.001299536868248111
-1.1257686239039041e-07
2.8892850893885713e-06
-1.886637839017584e-06
8.102655058692278e-06
-2.778208692314182e-08
4.100469742331558e-07
-4.622845946708285e-08
0.5440129684144638
-1.1230070976996588e-05
-1.839267374162347e-05
1.2877005177314312e-07
-0.0008133996677451617
1.1147251990305895e-08
-2.113723996457036e-06
-5.009842118917999e-09
-0.0008658423836253072
-3.873927999812162e-08
-2.725333161361304e-06
-7.082164067432713e-09
-0.001282200885745135
-9.334530365851066e-09
-6.188218120059589e-06
-7.194799048399242e-09
0.0009947106789335769
1.6237419237408353e-08
5.0216075849397355e-06
-6.984009370233877e-10
-6.987497695059121e-05
-3.455489148392899e-08
9.344515861420513e-08
-7.509543956074293e-09
0.00041809063585222816
4.836552612257406e-10
3.4213322033046123e-06
-7.442317631177354e-09
-4.9983065085107414e-05
-4.2783106807845134e-10
1.1446747617675258e-07
-7.457074729962769e-09
-5.3064016237557955e-05
-6.334353085565514e-09
2.935916157717044e-08
-1.0278911267675094e-09
-3.384613221061759e-06
-5.0808470508860785e-09
-5.695800527493807e-08
-7.3821454692467595e-09
1.8674585258798298e-06
-6.908900147602248e-10
-7.04060981997906e-09
-7.700992516943197e-09
-2.472145258647059e-05
-3.995407520425127e-10
-8.394993434827105e-07
-7.3219200113296136e-09
-8.495003538294495e-06
-7.357003894906219e-09
1.8742996877940157e-08
-7.616995060369682e-09
-6.478840931937503e-08
-7.400998661339735e-09
4.702130843843901e-08
-4.011757445169033e-09
1.2937401443961598e-07
-7.446781727961681e-09
-9.538514389796225e-09
-7.44442349618428e-09
-2.127062563684995e-08
-8.675537617555157e-09
3.731478174561747e-09
-5.525241336709575e-10
5238.145749441712
-0.5225328727059413
0.6899240493193678
-6.882384752032759e-05
0.4876831447128618
-4.864958330053354e-05
6.413530511719173e-05
-1.2636800526048725e-08
0.8676601238600885
-8.655380375520007e-05
6.50789387130611e-05
-1.2312353355736363e-08
4.8024867140930485e-05
-1.390304755994185e-08
-3.521745674596352e-07
-8.772127115533737e-09
0.061257004163902784
-6.110877453203655e-06
-5.08293496798902e-06
-6.820528145426465e-09
-0.00036171012094755444
2.8643945910402666e-08
-2.278220837756157e-07
-7.402610933374819e-09
0.0025045393762156225
-2.5728203204204634e-07
1.8062421498434636e-06
-7.104065876548584e-09
6.170914295759131e-05
-1.125838758940484e-08
2.526227790061745e-07
-7.2794657422399645e-09
0.7823449419198009
-7.804825131909399e-05
0.00010295099837912531
-1.7720512414870206e-08
7.262682397867776e-05
-7.03112997144146e-09
-1.512443484963544e-07
-5.8218449412848385e-09
0.001604414206050345
-1.674991439849637e-07
1.9898507593460105e-07
-7.726674128483525e-09
-4.930825669975245e-05
-1.9265770211445782e-10
-2.8481659550213422e-08
-6.973492046107362e-09
0.0008041775408382091
-8.717704523157623e-08
1.161195435489635e-07
-6.890428260657273e-10
-8.289205708316305e-06
-8.804150807102377e-10
-1.3792541257917387e-09
-7.4446837887282645e-09
0.00016414013620441107
-1.9727763299753542e-08
2.9579836071586584e-08
-3.291983017624286e-09
-1.6697929909315694e-05
-3.0878147920217253e-10
-9.569952798118267e-09
-7.430012824777843e-09
0.12483677979857377
0.4068335175592722
2.4100024264245984e-05
-9.432655355434445e-09
1.1576721673425994e-05
-6.389961438975381e-09
-7.730923660465017e-06
-7.015263195382004e-09
1.9681736009441524e-05
-2.218135073096707e-09
5.313297098408221e-06
-9.537845616539752e-10
-3.0921803962596533e-07
-5.5157569030284255e-09
-3.2651744723555254e-06
-1.6430964505503625e-10
-0.0005256052785086392
5.196445452821143e-08
-4.974393735812654e-07
-3.0703930560432193e-10
-8.972732555280153e-08
-7.443202890379597e-09
1.7945862912788213e-06
-7.543498266555627e-09
5.405111523666128e-05
-1.2844300526172257e-08
-1.0553967275387932e-06
3.2387699515281074e-11
-2.1758936376244013e-07
-5.196360675261168e-10
-4.21016735199279e-08
-1.2245689092738466e-09
1.8562247787797316e-05
-6.089941861186201e-09
-1.4470284069692833e-09
-7.451443404940026e-09
-6.5631480554110274e-09
-5.9549536653382e-09
-1.0437850448452927e-08
-7.450604224157237e-09
5.218300643864716e-08
-7.45734088785238e-09
1.4234987961499895e-09
-5.644703476148383e-10
-1.4390307388464819e-09
-5.847973905657304e-09
-3.7719209876434505e-09
-3.3924932017339822e-09
-9.01349859405775e-07
-7.3621184957195105e-09
-7.287888646529683e-09
-8.962482555352593e-11
-4.199458617007033e-09
-3.3948379845317288e-09
-7.742761750961357e-09
-6.319473015157572e-11
2.100211951099081e-09
-7.452173788326945e-09
-7.406617794701235e-09
-7.276132522565249e-10
-2.385539124765552e-10
-7.455153314773916e-09
-9.417351617952265e-09
-3.6629986551146875e-09
1.951965882914019e-06
-6.33924161716988e-09
-1.5022472086979013e-08
-2.251577030833978e-09
-6.298102169988548e-09
-8.73339292376579e-10
-7.582836381951233e-09
-7.253281992786056e-09
3770.0571240338227
-0.38819120843211846
0.497455619077544
-5.12266258159352e-05
0.3166495385413385
-3.260600158738747e-05
4.105606400233599e-05
-1.225104274234842e-08
0.5053113005672704
-5.203485804982646e-05
5.363273461267415e-05
-5.732244033169625e-09
4.26742469798331e-05
-4.459395019917878e-09
8.196294024435199e-07
-1.5695161695054761e-09
0.9918210103381955
-0.00010213221180765905
0.00013983521389937525
-1.6710523726258622e-08
7.465284952388187e-05
-1.6148649268268905e-08
-5.650994242636309e-07
-7.859437025416443e-09
0.00016435246527398122
-2.4375732743799894e-08
2.5719083455166825e-06
-1.200583314832986e-09
-2.133003809594442e-06
-7.017599089895903e-09
7.66236157410968e-08
5.042974723349333e-11
0.6350855635068233
-6.539239208536163e-05
8.329470905213682e-05
-1.1091110617422902e-08
6.867304236540805e-05
7.176660515487254e-09
2.41712171460225e-06
-2.118588896335461e-09
8.51462841374364e-05
-1.622001413022274e-08
-2.078326967872024e-05
-3.857589377916407e-09
-6.252476965577227e-08
4.443672137245712e-07
-5.68464249417931e-06
-3.983521044483081e-09
-0.024578458284772453
2.5281040627081463e-06
2.4900809302647625e-05
-6.367566242613068e-09
-1.4613362246653113e-06
-5.801607189549718e-07
-4.9762808302874e-07
7.59341797877779e-11
-3.7866732977467016e-06
3.282428009437992e-10
2.235972484135211e-08
-8.899789735477235e-10
-5.889459085604534e-07
-9.737168484345341e-09
-1.2659689784644834e-06
-7.360578004857059e-09
0.7772326242234505
-8.003670707282629e-05
0.00010202303362326877
-1.798667113056912e-08
7.157769225532092e-05
