0.554466728491013
0.5651857384693871
0.5683071421349397
0.5714959906068348
0.5796560596425591
0.5805593995638589
0.5860752411667086
0.5906477199416948
0.6056506283374923
0.6147969447643095
0.6263513409841942
0.6325447861797416
0.6461965364993403
0.6534868838477389
0.6647446866368661
0.6724496704671931
0.691577762370941
0.7040401073664763
0.7191310734411833
0.727866496451463
0.7450023023256725
0.7549624572839917
0.7695577485029342
0.7794032991940941
0.8011679857637609
0.8142981204387577
0.8298267320215955
0.8366533443722779
0.851878084491545
0.857909105797831
0.8681343132199928
0.8706517486011207
0.8854517710549575
0.8913725272416367
0.9010908710691576
0.9012201078578592
0.9113740955239074
0.9119199352804681
0.9181373280165356
0.9161169955154145
0.9285546557861649
0.9350626902189256
0.9480952011520752
0.9529646234887553
0.9689241947439554
0.9766918210469085
0.9919363596611099
0.9990400914320222
1.0202014550261718
1.033216161327656
1.0537342410467512
1.06424013483713
1.0867308811606156
1.099749614039196
1.12149653232509
1.133515426413967
1.1602431798672193
1.1768422837298729
1.2016697886823555
1.2142886953213319
1.2394177700010092
1.2531939268340229
1.2763395616924822
1.2870620843454772
1.3151293359188883
1.3288771417923086
1.351169341885461
1.3605035108156098
1.3845106135426086
1.3960499820641803
1.4187522921140603
1.427591062932915
1.4534286535256584
1.4665155072051053
1.4911947431793828
1.5001743576726343
1.5247406560856913
1.5350349590666998
1.5582007790317447
1.565160150817631
1.5906359612674366
1.6041007061486783
1.6323728087431595
1.6449694946559141
1.6751489337642136
1.691170494474224
1.7228817179655131
1.737878482634171
1.7723076220952676
1.7918478391370596
1.8278839108276985
1.8455999161606034
1.8821217141232238
1.901958258651202
1.9387805948773462
1.9551913663874008
1.992373920609048
2.012460051600338
2.0509624031718783
2.068728182537755
2.1074388007052165
2.127189639800493
2.1661766026490077
2.1828332707036475
2.22238310655322
2.2426294037675025
2.28345989793583
2.301398411934382
2.342083080220059
2.361147084478689
2.401531590971873
2.4174171500789403
2.4593021077397945
2.479907031994856
2.5232367256965373
2.5404265937663792
2.584933667245355
2.605889831697862
2.6509043778875254
2.669222573697413
2.715417314318754
2.7389836328761663
2.7905254548693668
2.8159556877140512
2.871873336519976
2.895906797381831
2.9495332350837615
2.9736468296728673
3.0270288169210873
3.0536411648956956
3.11026788444038
3.1359646711580784
3.1925650839538204
3.2202532969879774
3.279226949807625
3.305217273520138
3.3639495380210183
3.3922828388268997
3.45410839695895
3.482543893342911
3.545557353786277
3.5761829071655806
3.6419355914915896
3.6714466164742205
3.737020188172941
3.768456597315943
3.8373488232933797
3.868706603254788
3.938283280715573
3.9717372312656813
4.044394701619961
4.077122527218404
4.1499508614772544
4.184665692148721
4.261143173130721
4.296262804361529
4.373902607780871
4.41125090593136
4.492443752156435
4.529869956497805
4.611847488522499
4.651028401443199
4.7365383948279955
4.776267430200708
4.862957477101165
4.904444832025927
4.994756858093074
5.036590170977935
5.12765879118368
5.170923945980873
5.265787758378457
5.309964071410503
5.406337432626672
5.452300096570955
5.5524858248459665
5.598912434074898
5.700093693546642
5.7478477761205475
5.852855648809854
5.901452274439485
6.007980605092434
6.058159274796339
6.168737000659427
6.219872981391549
6.331979448352918
6.384568636621061
6.501087818841808
6.55521826404697
6.674005281041739
6.730126281197059
6.853396881394204
6.910674521423826
7.035810384806394
7.09456598451841
0.9990680425121915
4.68251988031269
4.7675927566775105
5.184416990470326
5.278827511012472
5.913158374174068
6.020608382078612
5.588566073446614
5.6903332796492405
6.605763573512599
6.725916837337531
6.756546133483506
6.8795213006333
7.102318782589616
7.231583624112105
6.101000066555853
6.212149587499884
7.1384437871343325
7.268396751928022
7.402888017552624
7.537669580810388
8.125716585008318
8.273587764595064
7.82904767083012
7.9715059777819315
8.47773335462392
8.631956744371406
8.660795473122741
8.818319818807627
9.179361510867857
9.346299244925733
7.623254874232184
7.761860399609107
8.103002213720936
8.250353560471998
8.38844963805197
8.54097488372833
9.323279808726696
9.49279931988374
8.941645743286637
9.104224451100356
9.861190503407052
10.040508082969888
10.120760924831501
10.304831859127479
11.149627684634412
11.352423135786305
10.125389921432705
10.30956180886681
10.69503319678796
10.88962179728056
10.988066753552985
11.187998873363316
12.057956588969242
12.277387908528517
11.6909069471474
11.90362998549939
12.59218575162418
12.821258706780359
12.888672545770921
13.123123426343902
13.956417549253334
14.210301268849188
11.855896151640628
12.071524551467515
11.49068580229969
11.69972107893376
11.675244482202547
11.887610206196458
12.53376769702105
12.761782227178672
12.181415362803788
12.403001514994044
12.96342755687017
13.199256163838847
13.221182863235692
13.4616910334537
14.740282037382855
15.008434362210817
13.532831840380549
13.779004832942826
14.01585337594267
14.270840819082187
14.260205430555505
14.519625655504557
15.752189199488816
16.03877104554424
15.184573355466043
15.460821062946328
16.520749961890726
16.821317878987536
16.85688874075237
17.163559500043245
18.525616325165235
18.86264820087969
16.73280589647339
17.03719903214105
16.74938064562519
17.054097564258747
16.89817195832036
17.20557077420478
18.19178636395544
18.522734021320872
17.731573330682806
18.05412994529995
18.864326300819663
