-4133.123831194371
0.8954345861083578
0.9094863302659152
-0.0002842311597892472
0.7915553195015851
-0.0001589445881625736
-0.00017418109939250164
4.869609955977661e-08
-0.00014613298552490625
2.5094509968566816e-08
1983.5306464359217
-0.39826861240888345
1.980853473744216
-0.0003977317872203383
0.37845785059751513
-7.599287217791935e-05
0.00037794237995769273
-7.411825875192916e-08
7.220978025190837e-05
-2.190710457752461e-07
6.90025746824742e-08
2267.2179387497677
0.7003744475636754
0.28844231643133
8.909876277642382e-05
0.5265022728219908
0.00016264178256725133
6.697829702707189e-05
1.9066386131464745e-08
0.00012226800971917658
2.301258256259955e-06
1.5355708356245827e-08
-3.6397755231495956e-09
466.6271543942265
0.9908573336448955
0.40131388031494475
0.0008521637631033063
0.18161142178223277
0.0003856419417784689
0.00015618648748660992
3.2915413533336784e-07
7.068296613992778e-05
2557.144387609812
0.5032224376464396
0.7324813817691321
0.00014414059205829173
0.6445257504311258
0.0001268317938597647
0.00018461624797920558
3.4158630395338853e-08
0.00016245707413364897
3.14405146420626e-08
4.123778752478444e-08
-4.559872476931659e-09
1380.7082627351933
-4.452508583945514
0.8585675917780968
-0.002768713012533309
0.00437875763293305
-1.4121113336448492e-05
2.715187991826269e-06
-4.259595992997661e-09
1.0431800107107513e-08
-1.339769523239402e-10
493.39540367811094
-1.5902890851657348
0.9301111840661176
-0.0029978922832367876
0.8111932281381602
-0.00261460133701542
0.0015291938718661469
-4.962416587420518e-06
0.0013336820883078446
-3.985999965663777e-06
2.509210296942131e-06
-8.132805917380984e-09
573.071978092541
-1.8523767834640994
0.8697280537105143
-0.0028112812471911075
0.24056128776259122
-0.0007773709448278794
0.0003650835748847437
-1.1839973965371007e-06
0.00010097297966347184
-3.3138598921924126e-07
1271.253709278173
-4.108895277766874
0.74806259188727
-0.0024178583336103366
0.7518891188290541
-0.002430402213164357
0.000442461048008076
-1.4302146516187779e-06
0.00044470470305898324
-1.4406978289734801e-06
2.617147753433303e-07
-1.2321529449784436e-09
357.23359920997564
-1.197424286011407
0.23432974183489147
-0.0007854586470020536
0.8893423101250438
-0.0029810205926297027
0.0005833611585357685
-1.957493184375774e-06
0.0022154082641891015
-7.426453182679691e-06
2.0371581030491337e-06
3166.1146259605607
0.15888981916643496
0.4109954235215594
2.0620633671781113e-05
0.5891107360095805
2.9564736982566757e-05
7.646784198853738e-05
1.0611153905347066e-09
1811.3766244120761
0.09093203331013269
0.2351672448576494
1.1736958370492467e-05
0.6643368666878042
3.334645070806579e-05
8.62444104293332e-05
-5.958881544791097e-10
0.00024366579911638773
7.571726015303737e-09
3.091175614603973e-08
-5.087748096497135e-09
97.1869586391577
0.00739902425144493
-0.7046484709467769
-5.364906796377869e-05
1365.9494050645435
0.10399240853730038
-9.903737702075151
-0.0007539636204809991
0.31197569300205397
2.3746362500838167e-05
-0.002261966494142646
-1.771490921053008e-07
7.124882086928198e-05
4.3586552596119497e-10
-1587.7965899021156
-0.12090756617270783
0.351019897741775
2.6725278440688985e-05
0.06857396734082111
5.219095251561735e-06
-1.5166538978165506e-05
-6.141823555042125e-09
1653.7775098395657
0.12596465601152862
-0.3501016833114148
-2.666865376685969e-05
0.208856938561095
1.590784082355247e-05
-4.421963274893723e-05
-4.777324835157556e-09
2.6371516190391462e-05
1.7264707910128714e-09
-1375.1625281023964
-0.10481130023773504
1.497885620664997
0.00011416481011367281
0.3883220313394661
2.959729864531665e-05
-0.00042298215147129587
-3.4150241572558815e-08
-0.00010965931241170016
-1.1029416162362348e-08
1565.4564017909388
0.11935720223641212
0.6620469542286529
5.0475118818731845e-05
0.4376602240301264
3.336631989276953e-05
0.00018508885815990913
1.0732915275499096e-08
0.00012236218134458092
5.104207880430992e-06
1428.584201762889
0.10894486506315303
0.7116915614699508
5.426911985034252e-05
0.434344546603753
3.312050238597568e-05
0.00021638223261916855
1.5700617566134994e-08
0.00013218526997689145
5.044673125491172e-09
1287.7896243072369
0.098228746991966
0.2723275785424859
7.475046880473184e-05
0.03419920376093244
2.603614167523954e-06
2.602038973941643e-05
7.307681520727156e-08
9.034649415689277e-07
-2.8017615251003854e-08
598.0855599901718
0.04490271460279734
5.823999247389951
0.00043724527578509816
0.15193020117860223
1.14026038754418e-05
0.0014794512766653405
1.1017420988639574e-07
3.8593515746522476e-05
-2.0847169087241466e-09
-1191.5136887759386
-0.0895026646158652
0.653593407453995
4.909242911520215e-05
0.6681602929830163
5.018722756125105e-05
-0.00036651223852842064
-2.7531357953547613e-08
1759.990006991959
0.13222305038613252
-0.9654009970336199
-7.253073166473444e-05
0.8056958638998726
6.052747198330178e-05
-0.00044194445321058223
-3.438155555973016e-08
0.00036882586490471337
2.9803642461649973e-07
-2.0331196073718942e-07
-3.3746664612254046e-10
117.53010968323906
-0.017606664795830868
-0.06154429874637794
9.21967211076624e-06
0.6130901228144362
-9.184426789332567e-05
-0.00032104663183369286
4.547309510619522e-08
909.9629775285848
-0.13630424079369152
-0.4764901114629298
7.136891761522436e-05
0.007398577158020947
-1.1091416927499197e-06
-3.878905822461608e-06
-3.613961628932961e-09
2129.1781050469317
-0.318953382658394
0.9037877700718272
-0.0001353934656366136
0.6526697098353238
-9.773376577411424e-05
0.00027704212319213615
-4.296840469871071e-08
0.00020208519232989503
-3.0397808324505956e-08
1982.3553654421748
-0.29698230641847473
0.8746138115145595
-0.00013103283542193272
0.20085195257087818
-3.009470043413494e-05
8.86108911656118e-05
-1.5712610207306355e-08
2.034959754940953e-05
-5.187797761408205e-09
990.5795677419537
-0.14837437973280315
0.3424046100641817
-5.125173991862599e-05
0.37117714386868406
-5.559732459218882e-05
0.00012829644510374934
-2.377190615332338e-08
2310.182428879569
-0.3459339225900568
0.7936783557279301
-0.00011884791303811604
0.8747017992190214
-0.00013098101486299805
0.00030050455829652104
-4.550637664881516e-08
0.00033118331444816925
-4.990072261612104e-08
1.1364037774019875e-07
3162.3827798883503
0.05692348260506119
0.9570715612145908
1.7222455655173964e-05
0.9211422813653655
1.657809283756658e-05
0.0002787766377324818
2.68641998243766e-09
0.0002683175115591281
4.956835019105921e-07
3.2654469613990073e-06
-4.995582692391802e-09
254.0623394947141
0.032930506973897024
0.02105019094700875
2.725102001223771e-06
0.454225802251807
5.887114624777258e-05
3.762963984369295e-05
1.7934447021520553e-08
-1128.634808602747
-0.1463053644528044
-0.0935249518982093
-1.2122832242016528e-05
0.28841652587172006
3.738545601468372e-05
2.38994996657887e-05
-1.8968674972038854e-09
-1442.4958700394611
-0.18701118614240303
-0.11945982239570987
-1.5469683312469135e-05
0.0070377832916418415
9.097365933231387e-07
5.745087577517548e-07
-4.726942710786297e-09
1942.4562658883733
0.2516737198717018
0.510824857613301
6.618105549618892e-05
0.5317909746076764
6.88986526103723e-05
0.0001398447434474416
1.6265680041921327e-08
0.00014559332023673596
1.8162002015842284e-08
3.373538205780752e-08
-4.99078417838217e-09
166.50359844859608
-1.9610472681040378
0.004668237815496856
-5.4984379330506284e-05
0.36838495955760053
-0.0043387677955393725
1.0323954782974477e-05
6.498951449138948e-07
0.0008150419179673544
2594.913581324423
0.9421954324207783
0.29902372387162557
0.00010856043543128397
0.5119762294905998
0.0001859068049354223
5.899236548876457e-05
1.642927694505618e-08
0.00010102063808720276
2249.111587377119
0.7683123617362345
0.2636174151483296
9.004856641161993e-05
0.352464441829918
0.00012039961371886105
4.1307225372751924e-05
1.3103521184056473e-08
5.523486234210958e-05
2510.8542288494627
0.17856406143487613
0.7899986082203083
5.6177219367800686e-05
0.724662919162679
5.152854547845314e-05
0.00022800105631395415
1.378147237206543e-08
0.00020915014248243133
1.3143748853567126e-08
6.567235641547362e-08
-4.993742208116863e-09
178.03209959902514
-0.698648761973506
0.1440416489521965
-0.0005652655638826792
0.9928117810854125
-0.003896076775198084
0.0008032570637235441
-3.152286790646719e-06
0.005536532460248462
-2.1732103036961736e-05
6.16718025936551e-06
-2.2488464162020487e-08
448.47731777047466
-1.7594549550465486
0.36962127398919997
-0.0014500896704079905
0.13367553633685714
-0.0005244328957011362
0.00011017766783826716
-4.330933448768102e-07
4.029108233955534e-05
2255.5006863539265
0.972479976784503
0.42844845049829894
0.00018472452044853327
0.6201072315565525
0.0002673646858505068
