-0.76
-0.72
-0.6799999999999999
-0.6399999999999999
-0.5999999999999999
-0.5599999999999998
-0.5199999999999998
-0.4799999999999998
-0.43999999999999984
-0.39999999999999986
-0.3599999999999999
-0.3199999999999999
-0.2799999999999999
-0.2399999999999999
-0.1999999999999999
-0.1599999999999999
-0.11999999999999988
-0.07999999999999988
-0.039999999999999876
1.249000902703301e-16
0.040000000000000126
0.08000000000000013
0.12000000000000013
0.16000000000000014
0.20000000000000015
0.24000000000000016
0.28000000000000014
0.3200000000000001
0.3600000000000001
0.4000000000000001
0.44000000000000006
0.48000000000000004
0.52
0.56
0.6000000000000001
0.6400000000000001
0.6800000000000002
0.7200000000000002
0.7600000000000002
0.8000000000000003
0.7600000000000002
0.7200000000000002
0.6800000000000002
0.6400000000000001
0.6000000000000001
0.56
0.52
0.48000000000000004
0.44000000000000006
0.4000000000000001
0.3600000000000001
0.3200000000000001
0.28000000000000014
0.24000000000000013
0.20000000000000012
0.16000000000000011
0.1200000000000001
0.0800000000000001
0.0400000000000001
9.71445146547012e-17
-0.039999999999999904
-0.0799999999999999
-0.11999999999999991
-0.15999999999999992
-0.19999999999999993
-0.23999999999999994
-0.2799999999999999
-0.3199999999999999
-0.3599999999999999
-0.39999999999999986
-0.43999999999999984
-0.4799999999999998
-0.5199999999999998
-0.5599999999999998
-0.5999999999999999
-0.6399999999999999
-0.6799999999999999
-0.72
-0.76
-0.8
-0.76
-0.72
-0.6799999999999999
-0.6399999999999999
-0.5999999999999999
-0.5599999999999998
-0.5199999999999998
-0.4799999999999998
-0.43999999999999984
-0.39999999999999986
-0.3599999999999999
-0.3199999999999999
-0.2799999999999999
-0.2399999999999999
-0.1999999999999999
-0.1599999999999999
-0.11999999999999988
-0.07999999999999988
-0.039999999999999876
1.249000902703301e-16
0.040000000000000126
0.08000000000000013
0.12000000000000013
0.16000000000000014
0.20000000000000015
0.24000000000000016
0.28000000000000014
0.3200000000000001
0.3600000000000001
0.4000000000000001
0.44000000000000006
0.48000000000000004
0.52
0.56
0.6000000000000001
0.6400000000000001
0.6800000000000002
0.7200000000000002
0.7600000000000002
0.8000000000000003
0.7600000000000002
0.7200000000000002
0.6800000000000002
0.6400000000000001
0.6000000000000001
0.56
0.52
0.48000000000000004
0.44000000000000006
0.4000000000000001
0.3600000000000001
0.3200000000000001
0.28000000000000014
0.24000000000000013
0.20000000000000012
0.16000000000000011
0.1200000000000001
0.0800000000000001
0.0400000000000001
9.71445146547012e-17
-0.039999999999999904
-0.0799999999999999
-0.11999999999999991
-0.15999999999999992
-0.19999999999999993
-0.23999999999999994
-0.2799999999999999
-0.3199999999999999
-0.3599999999999999
-0.39999999999999986
-0.43999999999999984
-0.4799999999999998
-0.5199999999999998
-0.5599999999999998
-0.5999999999999999
-0.6399999999999999
-0.6799999999999999
-0.72
-0.76
-0.8
-0.76
-0.72
-0.6799999999999999
-0.6399999999999999
-0.5999999999999999
-0.5599999999999998
-0.5199999999999998
-0.4799999999999998
-0.43999999999999984
-0.39999999999999986
-0.3599999999999999
-0.3199999999999999
-0.2799999999999999
-0.2399999999999999
-0.1999999999999999
-0.1599999999999999
-0.11999999999999988
-0.07999999999999988
-0.039999999999999876
1.249000902703301e-16
0.040000000000000126
0.08000000000000013
0.12000000000000013
0.16000000000000014
0.20000000000000015
0.24000000000000016
0.28000000000000014
0.3200000000000001
0.3600000000000001
0.4000000000000001
0.44000000000000006
0.48000000000000004
0.52
0.56
0.6000000000000001
0.6400000000000001
0.6800000000000002
0.7200000000000002
0.7600000000000002
0.8000000000000003
0.7600000000000002
0.7200000000000002
0.6800000000000002
0.6400000000000001
0.6000000000000001
0.56
0.52
0.48000000000000004
0.44000000000000006
0.4000000000000001
0.3600000000000001
0.3200000000000001
0.28000000000000014
0.24000000000000013
0.20000000000000012
0.16000000000000011
0.1200000000000001
0.0800000000000001
0.0400000000000001
9.71445146547012e-17
-0.039999999999999904
-0.0799999999999999
-0.11999999999999991
-0.15999999999999992
-0.19999999999999993
-0.23999999999999994
-0.2799999999999999
-0.3199999999999999
-0.3599999999999999
-0.39999999999999986
-0.43999999999999984
-0.4799999999999998
-0.5199999999999998
-0.5599999999999998
-0.5999999999999999
-0.6399999999999999
-0.6799999999999999
-0.72
-0.76
-0.8
-0.76
-0.72
-0.6799999999999999
-0.6399999999999999
-0.5999999999999999
-0.5599999999999998
-0.5199999999999998
-0.4799999999999998
-0.43999999999999984
-0.39999999999999986
-0.3599999999999999
-0.3199999999999999
-0.2799999999999999
-0.2399999999999999
-0.1999999999999999
-0.1599999999999999
-0.11999999999999988
-0.07999999999999988
-0.039999999999999876
1.249000902703301e-16
0.040000000000000126
0.08000000000000013
0.12000000000000013
0.16000000000000014
0.20000000000000015
0.24000000000000016
0.28000000000000014
0.3200000000000001
0.3600000000000001
0.4000000000000001
0.44000000000000006
0.48000000000000004
0.52
0.56
0.6000000000000001
0.6400000000000001
0.6800000000000002
0.7200000000000002
0.7600000000000002
0.8000000000000003
0.7600000000000002
0.7200000000000002
0.6800000000000002
0.6400000000000001
0.6000000000000001
0.56
0.52
0.48000000000000004
0.44000000000000006
0.4000000000000001
0.3600000000000001
0.3200000000000001
0.28000000000000014
0.24000000000000013
0.20000000000000012
0.16000000000000011
0.1200000000000001
0.0800000000000001
0.0400000000000001
9.71445146547012e-17
-0.039999999999999904
-0.0799999999999999
-0.11999999999999991
-0.15999999999999992
-0.19999999999999993
-0.23999999999999994
-0.2799999999999999
-0.3199999999999999
-0.3599999999999999
-0.39999999999999986
-0.43999999999999984
-0.4799999999999998
-0.5199999999999998
-0.5599999999999998
-0.5999999999999999
-0.6399999999999999
-0.6799999999999999
-0.72
-0.76
-0.8
-0.76
-0.72
-0.6799999999999999
-0.6399999999999999
-0.5999999999999999
-0.5599999999999998
-0.5199999999999998
-0.4799999999999998
-0.43999999999999984
-0.39999999999999986
-0.3599999999999999
-0.3199999999999999
-0.2799999999999999
-0.2399999999999999
-0.1999999999999999
-0.1599999999999999
-0.11999999999999988
-0.07999999999999988
-0.039999999999999876
1.249000902703301e-16
0.040000000000000126
0.08000000000000013
0.12000000000000013
0.16000000000000014
0.20000000000000015
0.24000000000000016
0.28000000000000014
0.3200000000000001
0.3600000000000001
0.4000000000000001
0.44000000000000006
0.48000000000000004
0.52
0.56
0.6000000000000001
0.6400000000000001
0.6800000000000002
0.7200000000000002
0.7600000000000002
0.8000000000000003
0.7600000000000002
0.7200000000000002
0.6800000000000002
0.6400000000000001
0.6000000000000001
0.56
0.52
0.48000000000000004
0.44000000000000006
0.4000000000000001
0.3600000000000001
0.3200000000000001
0.28000000000000014
0.24000000000000013
0.20000000000000012
0.16000000000000011
0.1200000000000001
0.0800000000000001
0.0400000000000001
9.71445146547012e-17
-0.039999999999999904
-0.0799999999999999
-0.11999999999999991
-0.15999999999999992
-0.19999999999999993
-0.23999999999999994
-0.2799999999999999
-0.3199999999999999
-0.3599999999999999
-0.39999999999999986
-0.43999999999999984
-0.4799999999999998
-0.5199999999999998
-0.5599999999999998
-0.5999999999999999
-0.6399999999999999
-0.6799999999999999
-0.72
-0.76
-0.8
-0.76
-0.72
-0.6799999999999999
-0.6399999999999999
-0.5999999999999999
-0.5599999999999998
-0.5199999999999998
-0.4799999999999998
-0.43999999999999984
-0.39999999999999986
-0.3599999999999999
-0.3199999999999999
-0.2799999999999999
-0.2399999999999999
-0.1999999999999999
-0.1599999999999999
-0.11999999999999988
-0.07999999999999988
-0.039999999999999876
1.249000902703301e-16
0.040000000000000126
0.08000000000000013
0.12000000000000013
0.16000000000000014
0.20000000000000015
0.24000000000000016
0.28000000000000014
0.3200000000000001
0.3600000000000001
0.4000000000000001
0.44000000000000006
0.48000000000000004
0.52
0.56
0.6000000000000001
0.6400000000000001
0.6800000000000002
0.7200000000000002
0.7600000000000002
0.8000000000000003
0.7600000000000002
0.7200000000000002
0.6800000000000002
0.6400000000000001
0.6000000000000001
0.56
0.52
0.48000000000000004
0.44000000000000006
0.4000000000000001
0.3600000000000001
0.3200000000000001
0.28000000000000014
0.24000000000000013
0.20000000000000012
0.16000000000000011
0.1200000000000001
0.0800000000000001
0.0400000000000001
9.71445146547012e-17
-0.039999999999999904
-0.0799999999999999
-0.11999999999999991
-0.15999999999999992
-0.19999999999999993
-0.23999999999999994
-0.2799999999999999
-0.3199999999999999
-0.3599999999999999
-0.39999999999999986
-0.43999999999999984
-0.4799999999999998
-0.5199999999999998
-0.5599999999999998
-0.5999999999999999
-0.6399999999999999
-0.6799999999999999
-0.72
-0.76
-0.8
-0.76
-0.72
-0.6799999999999999
-0.6399999999999999
-0.5999999999999999
-0.5599999999999998
-0.5199999999999998
-0.4799999999999998
-0.43999999999999984
-0.39999999999999986
-0.3599999999999999
-0.3199999999999999
-0.2799999999999999
-0.2399999999999999
-0.1999999999999999
-0.1599999999999999
-0.11999999999999988
-0.07999999999999988
-0.039999999999999876
1.249000902703301e-16
0.040000000000000126
0.08000000000000013
0.12000000000000013
0.16000000000000014
0.20000000000000015
0.24000000000000016
0.28000000000000014
0.3200000000000001
0.3600000000000001
0.4000000000000001
0.44000000000000006
0.48000000000000004
0.52
0.56
0.6000000000000001
0.6400000000000001
0.6800000000000002
0.7200000000000002
0.7600000000000002
0.8000000000000003
0.7600000000000002
0.7200000000000002
0.6800000000000002
0.6400000000000001
0.6000000000000001
0.56
0.52
0.48000000000000004
0.44000000000000006
0.4000000000000001
0.3600000000000001
0.3200000000000001
0.28000000000000014
0.24000000000000013
0.20000000000000012
0.16000000000000011
0.1200000000000001
0.0800000000000001
0.0400000000000001
9.71445146547012e-17
-0.039999999999999904
-0.0799999999999999
-0.11999999999999991
-0.15999999999999992
-0.19999999999999993
-0.23999999999999994
-0.2799999999999999
-0.3199999999999999
-0.3599999999999999
-0.39999999999999986
-0.43999999999999984
-0.4799999999999998
-0.5199999999999998
-0.5599999999999998
-0.5999999999999999
-0.6399999999999999
-0.6799999999999999
-0.72
-0.76
-0.8
-0.76
-0.72
-0.6799999999999999
-0.6399999999999999
-0.5999999999999999
-0.5599999999999998
-0.5199999999999998
-0.4799999999999998
-0.43999999999999984
-0.39999999999999986
-0.3599999999999999
-0.3199999999999999
-0.2799999999999999
-0.2399999999999999
-0.1999999999999999
-0.1599999999999999
-0.11999999999999988
-0.07999999999999988
-0.039999999999999876
1.249000902703301e-16
0.040000000000000126
0.08000000000000013
0.12000000000000013
0.16000000000000014
0.20000000000000015
0.24000000000000016
0.28000000000000014
0.3200000000000001
0.3600000000000001
0.4000000000000001
0.44000000000000006
0.48000000000000004
0.52
0.56
0.6000000000000001
0.6400000000000001
0.6800000000000002
0.7200000000000002
0.7600000000000002
0.8000000000000003
0.7600000000000002
0.7200000000000002
0.6800000000000002
0.6400000000000001
0.6000000000000001
0.56
0.52
0.48000000000000004
0.44000000000000006
0.4000000000000001
0.3600000000000001
0.3200000000000001
0.28000000000000014
0.24000000000000013
0.20000000000000012
0.16000000000000011
0.1200000000000001
0.0800000000000001
0.0400000000000001
9.71445146547012e-17
-0.039999999999999904
-0.0799999999999999
-0.11999999999999991
-0.15999999999999992
-0.19999999999999993
-0.23999999999999994
-0.2799999999999999
-0.3199999999999999
-0.3599999999999999
-0.39999999999999986
-0.43999999999999984
-0.4799999999999998
-0.5199999999999998
-0.5599999999999998
-0.5999999999999999
-0.6399999999999999
-0.6799999999999999
-0.72
-0.76
-0.8
-0.76
-0.72
-0.6799999999999999
-0.6399999999999999
-0.5999999999999999
-0.5599999999999998
-0.5199999999999998
-0.4799999999999998
-0.43999999999999984
-0.39999999999999986
-0.3599999999999999
-0.3199999999999999
-0.2799999999999999
-0.2399999999999999
-0.1999999999999999
-0.1599999999999999
-0.11999999999999988
-0.07999999999999988
-0.039999999999999876
1.249000902703301e-16
0.040000000000000126
0.08000000000000013
0.12000000000000013
0.16000000000000014
0.20000000000000015
0.24000000000000016
0.28000000000000014
0.3200000000000001
0.3600000000000001
0.4000000000000001
0.44000000000000006
0.48000000000000004
0.52
0.56
0.6000000000000001
0.6400000000000001
0.6800000000000002
0.7200000000000002
0.7600000000000002
0.8000000000000003
0.7600000000000002
0.7200000000000002
0.6800000000000002
0.6400000000000001
0.6000000000000001
0.56
0.52
0.48000000000000004
0.44000000000000006
0.4000000000000001
0.3600000000000001
0.3200000000000001
0.28000000000000014
0.24000000000000013
0.20000000000000012
0.16000000000000011
0.1200000000000001
0.0800000000000001
0.0400000000000001
9.71445146547012e-17
-0.039999999999999904
-0.0799999999999999
-0.11999999999999991
-0.15999999999999992
-0.19999999999999993
-0.23999999999999994
-0.2799999999999999
-0.3199999999999999
-0.3599999999999999
-0.39999999999999986
-0.43999999999999984
-0.4799999999999998
-0.5199999999999998
-0.5599999999999998
-0.5999999999999999
-0.6399999999999999
-0.6799999999999999
-0.72
-0.76
-0.8
-0.76
-0.72
-0.6799999999999999
-0.6399999999999999
-0.5999999999999999
-0.5599999999999998
-0.5199999999999998
-0.4799999999999998
-0.43999999999999984
-0.39999999999999986
-0.3599999999999999
-0.3199999999999999
-0.2799999999999999
-0.2399999999999999
-0.1999999999999999
-0.1599999999999999
-0.11999999999999988
-0.07999999999999988
-0.039999999999999876
1.249000902703301e-16
0.040000000000000126
0.08000000000000013
0.12000000000000013
0.16000000000000014
0.20000000000000015
0.24000000000000016
0.28000000000000014
0.3200000000000001
0.3600000000000001
0.4000000000000001
0.44000000000000006
0.48000000000000004
0.52
0.56
0.6000000000000001
0.6400000000000001
0.6800000000000002
0.7200000000000002
0.7600000000000002
0.8000000000000003
0.7600000000000002
0.7200000000000002
0.6800000000000002
0.6400000000000001
0.6000000000000001
0.56
0.52
0.48000000000000004
0.44000000000000006
0.4000000000000001
0.3600000000000001
0.3200000000000001
0.28000000000000014
0.24000000000000013
0.20000000000000012
0.16000000000000011
0.1200000000000001
0.0800000000000001
0.0400000000000001
9.71445146547012e-17
-0.039999999999999904
-0.0799999999999999
-0.11999999999999991
-0.15999999999999992
-0.19999999999999993
-0.23999999999999994
-0.2799999999999999
-0.3199999999999999
-0.3599999999999999
-0.39999999999999986
-0.43999999999999984
-0.4799999999999998
-0.5199999999999998
-0.5599999999999998
-0.5999999999999999
-0.6399999999999999
-0.6799999999999999
-0.72
-0.76
-0.8
-0.76
-0.72
-0.6799999999999999
-0.6399999999999999
-0.5999999999999999
-0.5599999999999998
-0.5199999999999998
-0.4799999999999998
-0.43999999999999984
-0.39999999999999986
-0.3599999999999999
-0.3199999999999999
-0.2799999999999999
-0.2399999999999999
-0.1999999999999999
-0.1599999999999999
-0.11999999999999988
-0.07999999999999988
-0.039999999999999876
1.249000902703301e-16
0.040000000000000126
0.08000000000000013
0.12000000000000013
0.16000000000000014
0.20000000000000015
0.24000000000000016
0.28000000000000014
0.3200000000000001
0.3600000000000001
0.4000000000000001
0.44000000000000006
0.48000000000000004
0.52
0.56
0.6000000000000001
0.6400000000000001
0.6800000000000002
0.7200000000000002
0.7600000000000002
0.8000000000000003
0.7600000000000002
0.7200000000000002
0.6800000000000002
0.6400000000000001
0.6000000000000001
0.56
0.52
0.48000000000000004
0.44000000000000006
0.4000000000000001
0.3600000000000001
0.3200000000000001
0.28000000000000014
0.24000000000000013
0.20000000000000012
0.16000000000000011
0.1200000000000001
0.0800000000000001
0.0400000000000001
9.71445146547012e-17
-0.039999999999999904
-0.0799999999999999
-0.11999999999999991
-0.15999999999999992
-0.19999999999999993
-0.23999999999999994
-0.2799999999999999
-0.3199999999999999
-0.3599999999999999
-0.39999999999999986
-0.43999999999999984
-0.4799999999999998
-0.5199999999999998
-0.5599999999999998
-0.5999999999999999
-0.6399999999999999
-0.6799999999999999
-0.72
-0.76
-0.8
-0.76
-0.72
-0.6799999999999999
-0.6399999999999999
-0.5999999999999999
-0.5599999999999998
-0.5199999999999998
-0.4799999999999998
-0.43999999999999984
-0.39999999999999986
-0.3599999999999999
-0.3199999999999999
-0.2799999999999999
-0.2399999999999999
-0.1999999999999999
-0.1599999999999999
-0.11999999999999988
-0.07999999999999988
-0.039999999999999876
1.249000902703301e-16
0.040000000000000126
0.08000000000000013
0.12000000000000013
0.16000000000000014
0.20000000000000015
0.24000000000000016
0.28000000000000014
0.3200000000000001
0.3600000000000001
0.4000000000000001
0.44000000000000006
0.48000000000000004
0.52
0.56
0.6000000000000001
0.6400000000000001
0.6800000000000002
0.7200000000000002
0.7600000000000002
0.8000000000000003
0.7600000000000002
0.7200000000000002
0.6800000000000002
0.6400000000000001
0.6000000000000001
0.56
0.52
0.48000000000000004
0.44000000000000006
0.4000000000000001
0.3600000000000001
0.3200000000000001
0.28000000000000014
0.24000000000000013
0.20000000000000012
0.16000000000000011
0.1200000000000001
0.0800000000000001
0.0400000000000001
9.71445146547012e-17
-0.039999999999999904
-0.0799999999999999
-0.11999999999999991
-0.15999999999999992
-0.19999999999999993
-0.23999999999999994
-0.2799999999999999
-0.3199999999999999
-0.3599999999999999
-0.39999999999999986
-0.43999999999999984
-0.4799999999999998
-0.5199999999999998
-0.5599999999999998
-0.5999999999999999
-0.6399999999999999
-0.6799999999999999
-0.72
-0.76
-0.8
-0.76
-0.72
-0.6799999999999999
-0.6399999999999999
-0.5999999999999999
-0.5599999999999998
-0.5199999999999998
-0.4799999999999998
-0.43999999999999984
-0.39999999999999986
-0.3599999999999999
-0.3199999999999999
-0.2799999999999999
-0.2399999999999999
-0.1999999999999999
-0.1599999999999999
-0.11999999999999988
-0.07999999999999988
-0.039999999999999876
1.249000902703301e-16
0.040000000000000126
0.08000000000000013
0.12000000000000013
0.16000000000000014
0.20000000000000015
0.24000000000000016
0.28000000000000014
0.3200000000000001
0.3600000000000001
0.4000000000000001
0.44000000000000006
0.48000000000000004
0.52
0.56
0.6000000000000001
0.6400000000000001
0.6800000000000002
0.7200000000000002
0.7600000000000002
0.8000000000000003
